0.999972877951287 -0.001767114327298968 -0.007149871941090147 -0.041424759777507994 0.001739169428778142 0.9999908326831443 -0.0039127789829686375 0.0054056233247130325 0.007156720723749232 0.003900238021686802 0.9999667841942834 1.8570114207264625
0.9999493401794949 -0.0007643017853075511 -0.010036578967600634 -0.08221775435623817 0.0007057667821438577 0.9999827306033848 -0.0058344141306244214 -0.0021035228231076957 0.010040864895074312 0.005827035076210078 0.9999326110765564 2.71644861443049
0.9999048734486948 0.0006503405297722433 -0.013777558228665037 -0.11413796451922512 -0.0007312389051577903 0.9999825185601092 -0.0058675262116693085 -0.02077175900442303 0.013773501487004344 0.005877042740730938 0.9998878692260504 3.5750830734534755
0.9998090546239773 -0.0006047338004462238 -0.019531732870869428 -0.1165797195652037 0.00047607543797168524 0.9999781649835511 -0.006591123448036327 -0.019652217269989208 0.01953529227029319 0.006580566325210284 0.999787511675733 4.435514156057214
0.9997200188347003 0.001034833091861278 -0.023639227178950298 -0.16587535723526653 -0.001218284837910833 0.9999692463391686 -0.007747396848528113 -0.01788232204354469 0.023630482923540988 0.007774027035382495 0.9996905345057806 5.293495380047208
0.9996060742945968 0.0042143903309305175 -0.027747705265175854 -0.2099324218537077 -0.004451681016261144 0.9999540033669901 -0.008495509782149108 -0.027846881639031734 0.027710625569877995 0.008615687115239242 0.9995788569022748 6.152847304504333
0.9994581331287239 0.004866756917503386 -0.03255387534459553 -0.24507436143351174 -0.005111445234068542 0.9999592781417277 -0.007437417958753565 -0.03149342226449446 0.032516353584998714 0.00759978521933452 0.9994423094977296 7.011566669542375
0.9993378743746284 0.003451098755944403 -0.03622019820176858 -0.28735902866334956 -0.0035844488077441403 0.9999870331375961 -0.00361735862363747 -0.05505777228223677 0.03620724467759672 0.00374479292405724 0.9993372863847384 7.870510193531998
0.9992314408918903 0.003367690979877738 -0.03905363223287316 -0.3284226832732391 -0.0034568529623456917 0.9999915702464454 -0.002215762542352972 -0.04699753563534821 0.03904584101685089 0.0023490622621442675 0.9992346592296404 8.730090109863205
0.9990441548724852 0.004966944637413992 -0.043429322768040395 -0.3520972362410147 -0.005108106542962672 0.9999820236216374 -0.0031400129171776396 -0.05269519023481392 0.04341294579578216 0.003358853158918328 0.9990515673591576 9.588878786837407
0.9989312466985614 0.005392156054338728 -0.045905217811745 -0.39323577404986265 -0.005602738197669802 0.9999743590012025 -0.004459895158167261 -0.044742023537065585 0.04587999230543174 0.004712323547799175 0.9989358439423599 10.44829032103508
0.9988407600406782 0.002104269503475072 -0.04809062415083709 -0.4183024947804974 -0.0023269800561648577 0.9999868246953763 -0.004575543626276342 -0.05367112056573764 0.048080362365300056 0.004682145396556717 0.9988324966025622 11.308235783835434
0.9987164564094018 0.0019658540854928966 -0.050612005638605254 -0.4637267567061534 -0.002150034761896345 0.9999912629390553 -0.0035848843878859395 -0.06792148609329746 0.0506045160788078 0.0036891006039991873 0.9987119572174772 12.166509010402038
0.9986086650402609 0.0008608373582636278 -0.0527256395461548 -0.4983635830654047 -0.0010817735075859963 0.9999907541218613 -0.004161903034467104 -0.07518418645434513 0.052721569329703524 0.004213149633307827 0.998600363257285 13.021647987715339
0.9986145249988823 0.0024425419430553273 -0.052564859460608716 -0.572248351768115 -0.0027634041507852863 0.9999779871951341 -0.006032306579242214 -0.09344817827857627 0.0525489681987817 0.006169206920096508 0.9985992924227521 13.881955039826666
0.9985960454102858 0.0024122241175987416 -0.05291615316465797 -0.6457902455689636 -0.0028762447760660404 0.9999580648727339 -0.008694579458714567 -0.10181594738369013 0.05289296084477817 0.00883457247308726 0.998561107305052 14.749527762985364
0.9985936811017813 0.007177686705201932 -0.052527524947939976 -0.7340098405069406 -0.007745306605828527 0.999913709308705 -0.010610568414862446 -0.10834843105593689 0.052446832975654514 0.011002488357946911 0.9985631051469696 15.62669317633547
0.9984960216396485 0.008873828973919291 -0.05410129322979847 -0.773338830634276 -0.009467824893668595 0.999897577006079 -0.010732930128965082 -0.12080567625935824 0.05400050982701772 0.011229009605128728 0.9984777685465563 16.517660826051504
0.9984531347907106 0.008950159313320239 -0.05487469612553612 -0.8282907009722924 -0.009459095457851754 0.9999145626126779 -0.009021806261185927 -0.1448978772147536 0.054789261171537845 0.009526915731827639 0.9984524899748191 17.417383607240648
0.9983806561130278 0.009445015093506108 -0.05609685543062079 -0.8956589083817529 -0.009861273569348378 0.9999258266738439 -0.007148176985654839 -0.16978811556005188 0.05602517990074637 0.007689788066731708 0.9983997427766987 18.32069814570412
0.9983556354772998 0.01069933232665329 -0.05631651088696718 -0.9423775468514274 -0.01111384730709478 0.9999133692619347 -0.007052401667291939 -0.19166010288665652 0.056236176156924694 0.00766669805105657 0.9983880579375145 19.23228519299852
0.9982524216975075 0.010972172955022095 -0.0580664618838428 -1.000500484502148 -0.011467149842986534 0.9999006439192035 -0.008197973190831974 -0.201849900019924 0.05797074304803416 0.008849503410033412 0.9982790588006218 20.145480763161668
0.9981478405572901 0.00928271406172389 -0.060122538290294666 -1.0403220138233555 -0.009802612232701855 0.9999170217239004 -0.00835813736526145 -0.2245773527594118 0.060039963226462593 0.008932014691522501 0.9981560108166039 21.062842890056118
0.9980927267113311 0.009740602061738561 -0.06095924505287054 -1.0832457621760119 -0.010169705122502426 0.9999256199595499 -0.00673287800480106 -0.2365740863005768 0.06088912861638305 0.007339974113104758 0.9981175475846307 21.990469149509348
0.9981304307374536 0.012103139712985737 -0.05990957556979711 -1.1626272401038447 -0.01231588287501957 0.9999190902391736 -0.0031830809398273935 -0.26347290937851264 0.0598662030270344 0.003914969265351951 0.9981987330941559 22.92285663686596
0.9982763072110917 0.012074469721923229 -0.057433628145188716 -1.2597502939604845 -0.012123871009264075 0.99992637221405 -0.0005117642003549222 -0.26081644460503983 0.0574232201529677 0.001207199975319564 0.9983491956502413 23.855140626259658
0.9983896312141062 0.011523363405993145 -0.05554598437307421 -1.3195553467033327 -0.011416783612863851 0.9999323270167458 0.002235718857394148 -0.2647711778470126 0.055567988411471626 -0.0015979620413811495 0.9984536269558126 24.797244264097777
0.9984878062887964 0.01078719650434511 -0.0539048892417223 -1.3882039041502325 -0.010663378501143505 0.9999398056703215 0.002584065583047907 -0.25339917093554 0.053929519296272814 -0.0020053497382770593 0.9985427309438993 25.741564912123767
0.9985847921238171 0.01085330378784903 -0.052063602794269206 -1.4550445935255125 -0.010868530780576221 0.9999409357313271 -9.35019456326933e-06 -0.2654080225145936 0.05206042621514399 0.0005751918316116103 0.9986437709096545 26.68856127594688
0.9987030863995427 0.009951620378648282 -0.049931057147464215 -1.5437958886412788 -0.010162441439635668 0.9999404795918031 -0.003970145803115192 -0.28431770040474996 0.049888575846680994 0.004472418311307699 0.9987447759435035 27.63753688436826
0.9988025650356906 0.00855621757414766 -0.0481687369457144 -1.6157519493630106 -0.008891861685856548 0.9999376293264473 -0.006758124944193621 -0.30324225145444295 0.048107908641731534 0.0071783422755961265 0.9988163497501897 28.59468442329733
0.9988245739061292 0.006995157986225149 -0.047963927341117735 -1.6681099858761321 -0.007346246046141283 0.9999474718207458 -0.007147465867369919 -0.29896992944155465 0.047911410230401644 0.007491419361071613 0.9988234956215691 29.563130309960865
0.9987725819009075 0.004002253048347452 -0.04936913624450822 -1.6910836285098692 -0.0041280421512850446 0.9999884875430144 -0.0024462316791812183 -0.313290374825442 0.04935877744625629 0.0026470270055336223 0.998777605043807 30.53978548376185
0.9987222705823412 -0.0011194386791010334 -0.050522995753350126 -1.7426368627468936 0.0011709951221488197 0.999998823476284 0.0009908665238494692 -0.3248448780334856 0.05052182709753526 -0.0010487626461263531 0.9987224064191406 31.519191297659138
0.9986121268567214 -0.008945526635322613 -0.051901807751832583 -1.7945643251038892 0.008948445497902562 0.9999599463462462 -0.00017614306654514556 -0.32156321505295143 0.051901304587289566 -0.0002885418955960332 0.9986521773499079 32.498428140109034
0.9984670124185406 -0.010919589024105877 -0.05426221233542053 -1.8116814009280344 0.010708657907934073 0.9999339385753188 -0.004176497462948281 -0.3333227999202555 0.05430423333222351 0.003589019474976043 0.9985179864085612 33.47877861642807
0.9984182024994561 -0.01019121742549634 -0.055292241816884295 -1.8737309736240673 0.0097451764369804 0.9999178128299749 -0.008330613514540881 -0.34605809040570706 0.055372596597620075 0.007778603518804018 0.9984354605448138 34.46257222063299
0.9982056157942735 -0.009605892147175873 -0.059103937540806645 -1.9208795163015375 0.009106082921715405 0.9999205173861874 -0.008719986465561092 -0.36290247266144476 0.05918300305487788 0.008166134103326833 0.9982137478532405 35.47468707256177
0.9982619086938697 -0.00994420480984371 -0.058088505244738034 -1.991103504923942 0.009594184466843488 0.9999341196175365 -0.006301432306700464 -0.40570239501292343 0.05814734108524955 0.005733168007270964 0.9982915493528511 36.53194171781837
0.9982253749318278 -0.007018834190400592 -0.05913405794308245 -2.0805621422326372 0.006827593421294162 0.9999707903949697 -0.003435451197518582 -0.4267753815554915 0.05915644352293126 0.0030256112547165305 0.9982441389090415 37.572524684685526
0.9982116062515156 -0.00805861167260976 -0.0592338410258437 -2.1656307319393995 0.00796494414435112 0.9999666280658565 -0.0018172560018657425 -0.44666293017784264 0.05924650883843123 0.0013422117973665743 0.9982424803913871 38.61541324875989
0.9982535856500995 -0.006351815807157561 -0.05873187526945993 -2.2603469254752495 0.006436317136877743 0.9999785058014956 0.0012497026523094511 -0.4729410318314315 0.05872267499381372 -0.0016255371289419748 0.998273011290305 39.645798130224854
0.998210786017091 -0.00514231404840669 -0.05957166512163862 -2.302442656217512 0.005376228804019508 0.9999784527133568 0.0037669978557028356 -0.4908244035914503 0.059551010427901306 -0.0040805287923960185 0.9982169235400643 40.68266748332425
0.9981700925960325 0.0017135782398574096 -0.060444436439096326 -2.361187854585925 -0.00130998978533974 0.9999765892876479 0.006716010973918517 -0.5109451399520117 0.06045452980204563 -0.0066245397013961396 0.9981489694931103 41.706563661956615
0.9981613004326972 0.0009582047355519019 -0.060606106641059566 -2.450263916998856 -0.0005783178851124247 0.9999800797092308 0.006285358632644331 -0.5269207627312397 0.06061092201019985 -0.0062387521510283445 0.9981419709162976 42.72742188749522
0.99814368835725 0.0012457695172280608 -0.06089027386120074 -2.4774139294976174 -0.0009537307836689085 0.9999879049307364 0.004824975629392663 -0.5410468709131532 0.06089554819668191 -0.004757946042348193 0.9981328038689459 43.73947883208132
0.9981209844639913 0.003187829267953506 -0.0611909970272445 -2.5533778750234326 -0.003018413909065006 0.9999913522650856 0.0028608691885883167 -0.5524719067863931 0.06119958782625474 -0.0026707938143996986 0.998121975166511 44.74446107469929
0.9981019060372315 0.0026129208346529448 -0.06152851216757164 -2.6312294152855844 -0.002446931563969494 0.9999931615947659 0.0027729568372322714 -0.5601341342539264 0.061535336927366076 -0.0026171374460934 0.9981014742504006 45.74506371847705
0.99785006399488 -2.0284734891982845e-06 -0.06553815515634254 -2.638185762644299 0.00026763351905547105 0.9999917875936553 0.004043898804485706 -0.5655105923587584 0.06553760872744033 -0.004052744887941698 0.9978418697875739 46.74672126968687
0.9978144247327823 0.0009462221203787694 -0.06607176748720604 -2.7045605867720273 -0.0006221972819634154 0.9999876808138579 0.00492453967999995 -0.576118685761838 0.06607561324518207 -0.004872667053727764 0.9978027212079833 47.742082283734725
0.9977816079749521 0.0036673704755070475 -0.0664711454746523 -2.7861866019639447 -0.0035871635851218338 0.9999926870224695 0.001325955878246752 -0.600639950159578 0.06647552214409937 -0.0010845715157927547 0.9977874666782984 48.72743953604488
0.9976930844941572 0.004560047298308763 -0.06773267395556136 -2.854623130188079 -0.004752127570848971 0.9999851307022314 -0.0026750061658897505 -0.6148804568350481 0.06771946866362456 0.0029907094600391012 0.9976999194250955 49.70548547433319
0.9976106624079668 0.00632222926399359 -0.06879677076047788 -2.9286561234131185 -0.006610243754551837 0.9999703126599389 -0.0039596055719315045 -0.6358133700281481 0.06876969483312911 0.004404908161741775 0.9976228374774931 50.68696171267236
0.9977448132960066 0.005675133233007149 -0.0668810915259522 -3.035986219100067 -0.005710931863617917 0.9999836332999351 -0.00034407776075183217 -0.654588624547858 0.06687804421605303 0.0007252551578298454 0.9977608938051198 51.66447222361459
0.9976970198312879 0.0036207455224711474 -0.0677314315633929 -3.1021394875541866 -0.0034910966291480713 0.9999918407065187 0.002032428279226575 -0.6550154466140751 0.06773823782835724 -0.0017912906647867559 0.9977015197009892 52.641380785948215
0.9976585422025959 0.003218408019571331 -0.06831599388143407 -3.163211166942697 -0.0030347822550635317 0.9999914987710952 0.0027915017819958843 -0.6679673420865619 0.06832439730325471 -0.0025776414324134816 0.9976598280465105 53.61197266764223
0.9976215079964397 0.0012581179952174787 -0.06891838595045509 -3.221487713717946 -0.0011811409535522472 0.9999986323537273 0.0011576686571677544 -0.6769137737719332 0.06891974817825212 -0.0010735128234249589 0.9976216296177948 54.5755980635768
0.9974171428546746 -0.002708070413061019 -0.07177541009463034 -3.2791830392859147 0.0026926729054243 0.9999963263015146 -0.0003112813765564607 -0.6832431924894096 0.07177598938530157 0.00011720967919143058 0.9974207705926584 55.539702428294795
0.9973535101007717 -0.004084606985698703 -0.07258988824511961 -3.3486907611791246 0.0041273125571795275 0.9999913865446292 0.0004383236265329467 -0.693844031166424 0.07258747261561051 -0.0007367647647609176 0.9973617778905303 56.4981362802395
0.9972335192992365 -0.008755951249070582 -0.0738149124755981 -3.417832404141475 0.009103115978453839 0.9999490253960837 0.0043680532164000006 -0.7039414730559707 0.07377290332865596 -0.0050279147906815555 0.9972623921553035 57.45993591336678
0.9971800872694802 -0.010075817405027014 -0.07436633281835052 -3.4953082321341773 0.01082673463132694 0.9998943275303048 0.00970131897928714 -0.7233748499433807 0.07426072562567679 -0.010479106657323682 0.9971838009881691 58.420654352658744
0.9971866685190167 -0.008441151383511728 -0.07448150838471414 -3.5854292872028695 0.00938897669541687 0.9998792259773038 0.012384691180473691 -0.7446560122455607 0.07436797190023822 -0.013049154085356823 0.997145488047307 59.370489026129015
0.9970859188354525 -0.006937719215392905 -0.0759706424360555 -3.6589638197618246 0.007627772080413348 0.9999322147924371 0.00879675584382294 -0.7660497035936529 0.07590446332823907 -0.009350608128613975 0.9970712505004228 60.311011497946055
0.9969752621735305 -0.005418159243610746 -0.07753044669307407 -3.7444843192408293 0.005535267876164398 0.9999838409009013 0.0012956645457823485 -0.7755910836120367 0.07752217375406806 -0.0017208972912249878 0.9969891429142832 61.23434172982477
0.9968831239913113 -0.002441188615383974 -0.07885478869076089 -3.823599560072797 0.002128554906755843 0.999989539447396 -0.004048487345812115 -0.7797096558739747 0.07886384694731445 0.0038680219653437304 0.9968778922469623 62.14847210637432
0.9968621813784562 0.002016979024885294 -0.07913105037212545 -3.9384196195880437 -0.0022361654833145737 0.999993904807963 -0.002681400911710035 -0.8000285624191518 0.07912515972378174 0.0028499372854981927 0.9968606156109061 63.05481485493621
0.9966291981012652 0.0037481799012621937 -0.08195238031597198 -4.011703905746607 -0.0037421955450847285 0.9999929722827821 0.00022662203103091265 -0.8231194185795006 0.0819526537979603 8.082369946928662e-05 0.9966362204952223 63.95314821350307
0.9965591530535773 0.007916653611990287 -0.08250564259928658 -4.080952348452373 -0.007787839846871854 0.9999679014545804 0.0018829792982910604 -0.8472067876939018 0.08251790118303395 -0.0012339595236956805 0.9965888185847968 64.83607030069818
0.9964478172392397 0.009244002280223684 -0.08370361964093509 -4.15895160783081 -0.009120948927301085 0.9999566875218835 0.0018523959953007586 -0.8636164198445312 0.08371711778254619 -0.0010823595064047584 0.9964889726876471 65.70421921379379
0.9963373209744008 0.010705415131929354 -0.08483711994406037 -4.217071720004621 -0.010479735324253765 0.9999402650952316 0.003105058583546564 -0.8940501169604247 0.0848652931479262 -0.002204615187913442 0.9963899947765383 66.55979237011985
0.9962924066620589 0.0113680387426172 -0.08527724270088118 -4.308883370051657 -0.011120881601424966 0.9999324729009643 0.0033727778706214647 -0.8970223614761366 0.08530982604557197 -0.0024119148624853295 0.9963515525389472 67.40094644823883
0.9961895560693983 0.011921615593774174 -0.0863958532563077 -4.369780754060668 -0.01159998206977206 0.9999237967027481 0.004223884886846751 -0.9161564792830348 0.08643962513935469 -0.003205599661640095 0.9962519336676728 68.23026818538105
0.9960734886709921 0.010542584101737095 -0.08790027922169928 -4.443863060306569 -0.01006768509626479 0.9999322406465075 0.005844299141283583 -0.9339043316898834 0.08795593717082083 -0.004936399103417444 0.9961121347922105 69.04633170215916
0.996187548790861 0.014069719333716207 -0.08609535778380668 -4.553180363522124 -0.013296983649648902 0.9998660586712214 0.009542271380262542 -0.9509832419842144 0.08621808313731061 -0.008361083371438986 0.9962412029348034 69.84627230088562
0.9960742007186206 0.014746304451357587 -0.08728535482991523 -4.633512106718938 -0.0135965180055376 0.9998129820303683 0.01375266016679877 -0.9683070271715151 0.08747183181391273 -0.01251189308483423 0.9960884153379923 70.63905398556227
0.9959754883628883 0.01698547776768596 -0.08800181887497316 -4.713670811061307 -0.01563633873089539 0.9997497596671264 0.015997592212979885 -0.9833751809666803 0.08825152401739508 -0.01455718346808905 0.9959918458090327 71.41418417147257
0.9958985911433078 0.02016779766800382 -0.08820009124706964 -4.801574916755349 -0.019124190989465172 0.9997369424089375 0.012661409946141773 -1.0054764336297177 0.08843224229752074 -0.010922724936953303 0.9960223052734234 72.16537501037962
0.9957220786063762 0.020359303906440522 -0.09012791421218148 -4.848940969289272 -0.019962601782412447 0.9997866748376871 0.005300881726022472 -1.0112312882061982 0.09021660992228606 -0.0034790173097845388 0.9959160907087948 72.89781878579255
0.9955960488713362 0.01998615306201096 -0.09159181818023582 -4.931221325591514 -0.020050135675411165 0.9997989512606348 0.00022162474508996126 -1.02695244742787 0.09157783318673289 0.001615779660727537 0.9957966106213211 73.60889877173612
0.9955315486484576 0.021597966402136688 -0.09192640258865693 -4.995282605921836 -0.021800450665344123 0.9997616229798869 -0.0011989859902931475 -1.0285091535882864 0.09187859378760382 0.0031976653842008184 0.9957650822054884 74.30424506971316
0.9953743639243611 0.02407854652870579 -0.09300590970059168 -5.058681625169643 -0.023956966735236028 0.9997100527792395 0.0024236577669111293 -1.0372899363206103 0.09303730105187061 -0.00018430732323215218 0.9956626068321507 74.98123889895021
0.9952853147535343 0.02405564413755625 -0.09395992880521534 -5.1255615011393125 -0.023667503241911695 0.9997061355631286 0.005243263079737143 -1.0604565036449205 0.09405844739441496 -0.0029947458250446277 0.9955621728306047 75.63727040669788
0.9952055044350067 0.0217347188269948 -0.09536040027061293 -5.169453689122706 -0.021781466098229927 0.9997626040007033 0.0005507960948646781 -1.0515368139313634 0.09534973349135094 0.0015289340201772785 0.9954426606710653 76.26960890864635
0.995308652699616 0.01401208280648785 -0.09573059801701922 -5.213905971828909 -0.01463933883421831 0.9998757078487096 -0.005853085727412604 -1.0418181373429676 0.09563668553316207 0.007227059530659796 0.9953900712739558 76.88212837728109
0.9957426389131445 0.010268543305699259 -0.09160324267548177 -5.30998195565777 -0.011276037213593467 0.9998814227616352 -0.010487678528597147 -1.0630358772649706 0.09148468743479363 0.011475950267432498 0.9957403549773491 77.47072052730766
0.9963096469488864 0.012180126569446307 -0.08496312090156798 -5.464345390235176 -0.01324702115455353 0.9998401892976775 -0.012004678076004537 -1.0402033193378708 0.08480332438715471 0.013085884835578933 0.9963117763988121 78.03391796595683
0.9965976082969837 0.016284323886364065 -0.08079621236352622 -5.524255395677065 -0.01704631497311105 0.9998164117813657 -0.008750193053007532 -1.0492193270241472 0.08063888815308333 0.010097699153347088 0.9966922324314775 78.6032985243625
0.99707361290228 0.014307297784763274 -0.07509668224421635 -5.559702513736768 -0.014805751280577716 0.9998718733702778 -0.006084946345003973 -1.059135287437945 0.0750000012200555 0.0071790022358339265 0.9971576915131772 79.15910253864482
0.997465253728523 0.010017018919388419 -0.07044662473289995 -5.562230433700201 -0.010138434221771745 0.9999476715147348 -0.0013661565736647469 -1.0881559541329684 0.07042925355149104 0.002076912184383585 0.997514614770108 79.70240183825344
0.9981096419490045 0.005184341850412213 -0.06123940927217291 -5.611428208965041 -0.00503535166330251 0.9999839762301131 0.002586989878648658 -1.1158180293580207 0.06125183982586583 -0.0022737375801656066 0.9981197534541444 80.23137911751715
0.9987015483563968 0.008920785294918888 -0.05015612525161194 -5.660732907902956 -0.00879373162325124 0.9999575440033297 0.002753266234585003 -1.1324671136642344 0.05017855712026431 -0.0023086317467929415 0.9987375944785424 80.74137343491923
0.9992776339485231 0.015182900028863012 -0.034838051566533954 -5.679295451740277 -0.015114780877417988 0.9998833054472798 0.002217856361664789 -1.1303117053413452 0.03486765964710684 -0.0016896847418981604 0.9993905098990112 81.24304897319695
0.9996716727677656 0.021439530404716776 -0.014031863800655032 -5.706151551733 -0.0214063973304114 0.9997677129713782 0.0025072401768139706 -1.1239549112605733 0.014082358432709984 -0.0022060453297836503 0.9998984051117266 81.73036497567604
0.9997608481382493 0.019886111296109822 0.009098851982760262 -5.70287109210798 -0.019920334209076067 0.9997947751033734 0.003686185153424421 -1.1339485659330923 -0.009023680783583187 -0.003866555767798315 0.9999518103046813 82.2048848158007
0.999254077155118 0.01589610241534164 0.03519379514732122 -5.6573185355369695 -0.01608773819650229 0.9998572245683361 0.005168670836542334 -1.1418970304980387 -0.035106608617057965 -0.005731003969359835 0.9993671405569181 82.66283515429922
0.9976285983821628 0.014642312051434446 0.06725163483386161 -5.652951498334324 -0.015236226819672476 0.9998492495369358 0.008326799668401491 -1.164514901968051 -0.06711957301963374 -0.009331714644519783 0.9977012989965757 83.11728297303777
0.9948197968214307 0.014655257671457846 0.100592222734898 -5.585092005391822 -0.01573687961128403 0.9998264855581709 0.00996741674099347 -1.1640947887126176 -0.10042869347085953 -0.011498791196121178 0.994877809245318 83.56231365631751
0.9902893778852537 0.013525582205203146 0.13836186856805788 -5.5260338502904665 -0.015238267552287584 0.9998197369825021 0.011326462035277122 -1.1788464783901564 -0.13818373004677084 -0.013324870214831178 0.9903169717742488 83.99578244995402
0.9833296443540551 0.012534644771540732 0.181399264648387 -5.445201821709647 -0.015005599238270557 0.9998122983968438 0.0122556095691945 -1.1940445192252398 -0.1812115960031927 -0.014773308866450171 0.9833331616594202 84.42671031054357
0.9740839824916669 0.011343425282899942 0.22590201804326973 -5.315700583465995 -0.014579306655341472 0.9998135533216518 0.012661058872537743 -1.1993095452266789 -0.22571627958705062 -0.01562642944423781 0.9740677470444261 84.83867868263974
0.9612732220580553 0.012799626941136222 0.27529976771564607 -5.192473064549533 -0.016342515862326656 0.9998104845321449 0.01057909234662766 -1.2089545297341162 -0.2751121857159547 -0.01466848900728203 0.9613002240199636 85.23290408633355
0.9449263049654548 0.012597634974739876 0.3270406362783874 -5.010610892410147 -0.01609087803019219 0.9998387055313712 0.007977879765990521 -1.20923576014228 -0.32688738401557493 -0.012800879438010015 0.9449766005870549 85.60775972852025
0.9217092214192241 0.012116102493206916 0.3876922893367095 -4.886888063082428 -0.015723644719020668 0.9998575580468323 0.006134379623621245 -1.2105173394969901 -0.3875627409175364 -0.011750050084613968 0.9217684406484603 85.9849315641635
0.8971997181869577 0.011097756325025276 0.44148556657017834 -4.637198634707893 -0.015298608785014446 0.9998652280925201 0.005956359687507138 -1.2183309287906048 -0.4413599644898505 -0.012098159200241161 0.8972485811019605 86.30144374777474
0.8679014731041871 0.009011793852340093 0.496654629048338 -4.378488705809121 -0.01363772359020941 0.9998908188171679 0.0056888435030196275 -1.2213279992449986 -0.49654913702357206 -0.011710594207291333 0.8679296149483873 86.6023768033467
0.8334135170891215 0.005916055139633688 0.552618231534866 -4.12816362120529 -0.011097520483285373 0.9999202284936611 0.006031723493242963 -1.2284578499824823 -0.5525384643373331 -0.011159612034510252 0.8334126879805576 86.88630669537385
0.7949298155536108 0.0034410298095280474 0.6066916413284013 -3.8594759550195485 -0.008256155340168733 0.9999526747984315 0.005146266846218873 -1.2214718137811797 -0.6066452210665613 -0.009099861389246115 0.7949206050164991 87.16514209616588
0.7536639004853496 0.002824996749395529 0.6572539421704302 -3.5873813724297956 -0.010149019996098931 0.9999215585916179 0.007339894878018714 -1.2437538176169272 -0.6571816510663719 -0.012202297204525158 0.7536334529760519 87.42014635988586
0.7102102344997014 0.004302885790973436 0.7039764967566355 -3.2824480589007043 -0.014883893890083653 0.9998495797871729 0.008904352984581703 -1.268853197432229 -0.7038322900482348 -0.016801874100089185 0.7101674482206147 87.6590240838558
0.6645353079474045 0.0043878209842474055 0.7472439839291147 -2.961486115455714 -0.016378219011589562 0.9998280658928773 0.008694400204031203 -1.2758180540843038 -0.7470773577302764 -0.01801626154089057 0.6644929163556492 87.86888636408698
0.6153070672031251 0.0013801895478570223 0.788286311010598 -2.644536379117207 -0.014742989782283613 0.9998437081299758 0.009757231429570341 -1.2841996516513994 -0.788149641440103 -0.017625390483697344 0.6152312478313591 88.07106556505279
0.5682677418572083 -0.002243438024977541 0.8228406531949752 -2.2962231006479286 -0.013412949501650577 0.9998381625427789 0.011989224692916424 -1.3050803611884705 -0.8227343838385325 -0.01784980977207448 0.5681456837299105 88.22239397688683
0.5217671192950327 1.52944189830196e-05 0.8530879632187061 -1.9537106324110536 -0.015200846415231506 0.9998414023893717 0.00927924222694459 -1.3248414092751084 -0.8529525235854677 -0.017809262593566688 0.5216846007647261 88.3635781159599
0.4747702485188835 0.005850451945117121 0.8800903268036474 -1.6014292060397024 -0.019071882390629888 0.9998114812847996 0.0036421412885312594 -1.351099942058684 -0.8799031051333944 -0.01851415953062963 0.47479232457305054 88.50434676781043
0.42632449460450045 0.007647159134159494 0.9045379739167331 -1.2529407480671855 -0.019432723461724036 0.9998109172784275 0.0007063637332366916 -1.37350900052538 -0.9043615397389869 -0.01787877646933365 0.4263924891375135 88.65704922878253
0.38468762496343434 0.0009614247594457292 0.9230463189149389 -0.8845671652312599 -0.017935849909409853 0.9998184409863303 0.006433533374812383 -1.3897728594647023 -0.9228725461774301 -0.019030520909573828 0.3846350254278634 88.73302944038947
0.3454018856903694 -0.014481312479711588 0.9383431296441601 -0.5018158152065761 -0.015410633764994974 0.9996585886229391 0.02110020282718696 -1.3934051569705432 -0.9383283272546405 -0.021748512161807645 0.34506079535387874 88.79901678039516
0.31024665582200517 -0.018478398849895664 0.9504764917278079 -0.1221379090059212 -0.017267460794217038 0.999536595499742 0.025068487279828185 -1.3925324471683391 -0.9504992621506743 -0.024189729901820684 0.3097838110978303 88.86633547568282
0.2771468830403617 -0.015439375010749276 0.9607035083314127 0.2532492922194121 -0.015466435171638456 0.9996696529712007 0.020527403915600005 -1.3967215818161915 -0.960703073068931 -0.02054776454289511 0.2768165362983175 88.9548065563797
0.24563500427811827 -0.0029206432982247397 0.9693579908970725 0.6286560007600541 -0.014881677797298761 0.9998662504364662 0.006783576051998507 -1.4150158008574285 -0.9692481520948184 -0.016091957023323285 0.2455586866309858 89.05347612701497
0.21738775584092118 0.0024551841889903533 0.976082238175166 1.0162110118061694 -0.013283173570920875 0.9999116765216314 0.00044323309811797757 -1.431542153391389 -0.9759949389778241 -0.013061823237690518 0.21740116803590484 89.12053223917464
0.1918445746154498 0.001643710777454437 0.9814239437702204 1.4161137197934752 -0.01131930714108816 0.9999357898943424 0.0005379351422615857 -1.4437307762080567 -0.9813600422253071 -0.011212238993693583 0.19185086192218834 89.1778702399791
0.1684881377822061 -0.005634890906336742 0.9856875749603183 1.8257007669001608 -0.007188962929088378 0.9999500397842616 0.006945267989966325 -1.441592694508461 -0.9856774656238632 -0.00825626670608326 0.1684392110566609 89.21593124951734
0.14834822325158784 -0.012121508691937136 0.9888608970351307 2.2485892138508397 0.0007835917464826947 0.9999260054137098 0.012139591482041379 -1.432663051173091 -0.9889348768458242 -0.0010260235900274534 0.1483467446003503 89.24746516032056
0.12845558021990094 -0.014238054351767618 0.9916130503975026 2.675878470176606 0.00839432575297326 0.9998767230202973 0.01326929000884292 -1.4100690346921259 -0.991679736207973 0.006619408618741387 0.1285592634702656 89.28557251306027
0.11150740511986396 -0.009949988184749145 0.9937137899508857 3.125067762252742 0.00782555611681244 0.9999276620132611 0.009134079710093668 -1.4111754981724798 -0.9937327906811221 0.006757845500677803 0.11157720308957529 89.31829135759529
0.09649033471560939 -0.008347125449752014 0.9952989203265475 3.591207656927956 0.0031064123076247627 0.9999624901206794 0.008085082202357558 -1.4132951378581118 -0.995329073979575 0.002311676527956617 0.09651264498803178 89.36435291297266
0.08225831847898071 -0.00908827422760872 0.99656960234224 4.065777661640577 0.00020210931326729298 0.9999585509861517 0.009102497541594215 -1.4160293586100885 -0.996611021508808 -0.0005473401437808765 0.08225674577766456 89.39388667143551
0.06937209958466806 -0.011534453986772272 0.9975241692161838 4.553143649271764 -0.0019550217600791857 0.9999296621847754 0.011698229479372319 -1.414684217481164 -0.9975889382351459 -0.00276171219743262 0.06934466999421358 89.41559332609762
0.05763838635090024 -0.01535886661443517 0.9982193755057954 5.051115010007022 -0.0022262083740204885 0.9998771891425948 0.015512918119198329 -1.4128540292154486 -0.9983350441686063 -0.0031163839008475215 0.05759711569378308 89.431867432598
0.04739119763129718 -0.018421862827334892 0.9987065181308463 5.56580913665874 -0.0012115007064410026 0.9998281256130416 0.018500040517354273 -1.407002630398161 -0.9988756712690037 -0.0020866727285905047 0.0473607341984303 89.4517544629471
0.03974696407657604 -0.021035583993859998 0.9989883297880557 6.096309685543517 -0.0003850896815289914 0.9997779807284805 0.021067533230375152 -1.3976778512189645 -0.9992097029916321 -0.0012220705842619056 0.039730038898228154 89.45947038390368
0.034062491019061 -0.02222336447144618 0.9991725920866436 6.642403554257362 -0.0006296189918878717 0.9997520680675304 0.0222577171923448 -1.398505200876737 -0.9994195066564864 -0.001387251332123505 0.03404005358750552 89.4733907373004
0.02669076904290044 -0.023978306550711682 0.999356114537183 7.205966201072665 0.0003955053546496831 0.9997124491269003 0.023976293212306463 -1.386861798589 -0.9996436597225064 -0.000244695010136071 0.026692577637597123 89.49675959783521
0.02038212228358821 -0.023887500334162495 0.9995068566142999 7.789634501795578 0.0007148161156998953 0.9997146270027981 0.023877889240262677 -1.3831939917956604 -0.9997920074341117 0.0002277815504885057 0.020393380946467858 89.52296938731459
0.015316023103286327 -0.02646931132347137 0.9995322881199771 8.392773740070131 0.00024544328984186674 0.9996496135831324 0.026468657326705537 -1.3727595268992934 -0.999882672714096 -0.0001600660740324001 0.015317153291683979 89.53502396557002
0.010986387252432669 -0.02826966586856632 0.9995399568235456 9.011857440248928 2.5815129639639118e-05 0.9996002925590419 0.02827108857914936 -1.3602058805811974 -0.9999396474931431 -0.00028479387361591993 0.010982725696790256 89.55575014266685
0.007811756138652419 -0.028132013925388808 0.9995736922601196 9.65109642111759 8.610352563234299e-05 0.9996042076332633 0.028132199843808065 -1.3319381564220893 -0.9999694840604915 -0.00013369506579369043 0.007811086570786382 89.55512430494257
0.005239100151147063 -0.030478936892280352 0.9995216787221369 10.305823228517951 -0.0005213297139198527 0.9995351774429083 0.03048208112147707 -1.3200022220212533 -0.9999861399264132 -0.0006807790266386783 0.005220775323769632 89.57133868983085
0.00447698762658706 -0.0352014112317775 0.9993702102970046 10.979441607574527 -0.0006951629565607435 0.9993798748069199 0.03520486584780548 -1.29671936725087 -0.999989736612455 -0.0008523368988880526 0.004449740616666022 89.57046252093711
0.005537275705113731 -0.039033980292594986 0.9992225412590927 11.665424744872398 -0.0009324607341552166 0.9992372244298778 0.03903972119067825 -1.2746185028134096 -0.9999842344230918 -0.0011479094840934254 0.005496654352562534 89.55825548300467
0.008423998980182262 -0.040869415277887 0.9991289842337782 12.37203508430526 -0.0007289820165138609 0.999163920595978 0.04087699064861743 -1.2396318934663353 -0.9999642517742291 -0.001072694789224046 0.008387162779374768 89.54804625414198
0.012518415321191276 -0.04359775715531567 0.9989707327288764 13.095143699727181 -0.001128141475850067 0.9990477649884013 0.04361525614373602 -1.2196294441483186 -0.9999210051672327 -0.0016729742075021605 0.012457310409734138 89.55904572448696
0.017905906823994934 -0.044410772882988225 0.9988528729261092 13.83385944835473 -0.0016009021513511724 0.999010484233793 0.04444647908729395 -1.1896513419866148 -0.9998383947484238 -0.002394920226345399 0.017817091345035223 89.55263808557552
0.02197966502435703 -0.04530236427048364 0.9987314905002834 14.592736628818445 -0.003811522731468383 0.9989617673612153 0.04539669200522567 -1.1730660320140058 -0.9997511523473616 -0.004804491862166877 0.021784174027535404 89.57693849727062
0.026332407326442032 -0.045603734699295864 0.9986124892599061 15.363918592070249 -0.005348364974706463 0.9989381615008711 0.04575963821262234 -1.1404105834887857 -0.999638934474085 -0.006545905493390459 0.026060541145188992 89.59412018571243
0.029115679888405015 -0.042547115369478965 0.9986701257964852 16.14925357695735 -0.007533235376544808 0.9990559792838906 0.04278318153037556 -1.1008765558107327 -0.999547661469622 -0.008768878539197372 0.02876767664875793 89.64799195354053
0.03398137961388965 -0.04005653949201873 0.9986194167366549 16.94321345198682 -0.007304028072584375 0.999159848819642 0.04032676134551413 -1.0611731399121287 -0.9993957759633789 -0.008664303239555875 0.03366025602875906 89.67901230990799
0.038432850104882524 -0.03837536108210442 0.9985240346103994 17.745657123886286 -0.006982921070923 0.9992275913855619 0.038671170490662696 -1.0420014646228506 -0.9992367861753918 -0.008458857819954844 0.03813519212288214 89.71622527661457
0.04215883197142335 -0.03572112241150258 0.9984721499874014 18.55117873107488 -0.0035782079613935116 0.999348853010621 0.03590357104987849 -1.0367499949303993 -0.9991045137094433 -0.005086393615383269 0.042003562770309255 89.71332231272099
0.044601561764057836 -0.029195975233983505 0.9985781370119915 19.361794204850455 0.0006542139534885722 0.999573496028555 0.029195856578421726 -1.03267654525079 -0.9990046409763584 -0.0006488970495578168 0.044601639435219276 89.72316872690638
0.04511839807012594 -0.026986008765894416 0.9986170865183855 20.176460735258633 0.0021995402361684084 0.999635328838829 0.026914147952853008 -1.0319898770243523 -0.9989792250984642 0.000982175221264748 0.045161301503608406 89.76651285463372
0.04531871204647321 -0.025465146499940496 0.9986479563150276 20.99496261000409 0.0015595869416940977 0.9996756283533373 0.025420577588319587 -1.014260409223936 -0.9989713619654034 0.0004054504762357056 0.045343727051174405 89.81211682409565
0.04512315383933711 -0.023998010144995974 0.9986931443124399 21.811768157306012 -0.0003498875625093924 0.9997109776472827 0.024038276772679616 -0.9950235340305307 -0.9989813704800896 -0.0014341131708071678 0.045101715633980674 89.8871619425951
0.043379477188932966 -0.023798860440243916 0.9987751674929429 22.62866092203089 -0.002038224375250641 0.999712044247226 0.023909709919213505 -0.985267759223994 -0.9990565882872721 -0.0030729186078163654 0.04331847840147451 89.94706606855543
0.0433145365881132 -0.02286282211853077 0.9987998509636098 23.446283468754793 -0.004723425367418468 0.9997222602875951 0.023088775157052627 -1.004293731613565 -0.9990503191396058 -0.005717836149332847 0.043194515587215716 89.99801916117349
0.04361274777382314 -0.02171094547895211 0.9988125765517885 24.26271774821041 -0.005006268039955894 0.9997465387049068 0.021949843458722862 -1.005687008592883 -0.9990359680771869 -0.00595761646634008 0.04349300281782421 90.0382294190444
0.04407484129869297 -0.018273461416762272 0.9988610959349354 25.075878606875246 -0.005270456048396751 0.9998145346018021 0.018523463283507857 -1.015241463227878 -0.9990143295556524 -0.006080872209103965 0.043970357465454746 90.07690235345717
0.04275132988792213 -0.015355345734041598 0.9989677357904004 25.88724735857417 -0.00411683593364149 0.9998706876264017 0.015545407276491747 -1.0103111011418568 -0.9990772620046469 -0.004777173105972537 0.04268258617289132 90.12325831558955
0.04013454378003697 -0.011664389867518537 0.9991261984377073 26.700356899555448 -0.005011973774816087 0.9999169293840183 0.011874950530688115 -1.0108829172584646 -0.9991817144616093 -0.005484190026263898 0.04007274816265061 90.1503989680421
0.037338244414471346 -0.008929954595099784 0.9992627839637446 27.511517071294417 -0.007769850108145895 0.9999272505078088 0.00922621922461116 -1.0219174136300202 -0.9992724778224079 -0.008108612878479651 0.037266143667477186 90.18163899266163
0.03452735836050873 -0.007117193286113417 0.9993784103553426 28.324790155582498 -0.010656573330723127 0.9999151711554715 0.0074891880708716045 -1.0285286682971508 -0.999346936238604 -0.010908531195448228 0.03444858455243471 90.20911090838075
0.028658179278522974 -0.0051374839697646045 0.9995760676501307 29.137596127055204 -0.013069099556652135 0.9998993930351313 0.005513841196858533 -1.037601732583805 -0.999503830606572 -0.013221575792102171 0.028588153776618268 90.22991955905195
0.021240984022692762 -0.0051763563160279824 0.9997609844022896 29.94531794944149 -0.012827766054310399 0.999902870255863 0.005449630458355235 -1.0417134719841332 -0.9996920871027218 -0.012940455531638057 0.021172519803516327 90.25009181237378
0.010447942089789192 -0.003538986327467566 0.9999391561899457 30.746814614281597 -0.01264040840779079 0.9999133682771258 0.0036709693497865565 -1.0550147848123337 -0.9998655212484153 -0.012677993392365595 0.010402302734039307 90.28961269809552
