0.9999889183681776 -0.0005931484854368864 -0.004670258634907785 -0.04300246923776079 0.000579089042581888 0.9999952986614465 -0.0030111975832262422 -0.03651739062111052 0.004672022765726646 0.0030084597186417687 0.9999845605675111 1.8583159228179604
0.9999380435141532 -0.0012106914456718066 -0.011065412749267199 -0.02451994855101499 0.0011648421164697671 0.9999907144805558 -0.004148987287433365 -0.03977793941662208 0.01107033314457905 0.00413584077195473 0.999930168834393 2.718548746450632
0.9998668042196434 0.0004797366391481254 -0.016313910394359907 -0.026496122602296977 -0.0005581504700674074 0.9999883128868605 -0.004802349190007595 -0.044446512547937585 0.01631141586898294 0.004810815154114908 0.9998553864284088 3.5779641502232797
0.9997947683185153 -0.0010414043802120772 -0.020232071565797292 -0.05809660576412984 0.0009368334502633365 0.9999861585307692 -0.0051773632247909445 -0.04878773118801477 0.020237183252941462 0.005157346584419672 0.9997819053124515 4.43780798879904
0.9997128345295644 0.0007457607164745558 -0.02395187503762854 -0.10261031655211235 -0.000894042039129714 0.9999804996865712 -0.006180690529931094 -0.0603671835611454 0.02394679865236018 0.00620032963222701 0.9996940065573843 5.29597430075518
0.9994779664225809 0.0033298520255096845 -0.03213575456203314 -0.10712647768477 -0.00359478989690914 0.9999599992206614 -0.008190082063783995 -0.036986415904806946 0.03210719734545683 0.008301327851773945 0.999449956643412 6.156182991394442
0.9993713606281378 0.004674525773194792 -0.03514302726092216 -0.15732297799992423 -0.00488502956086533 0.9999706247950789 -0.005906439970759197 -0.05658018028312812 0.03511438512142368 0.006074401677073846 0.9993648390862122 7.013937966210036
0.9991792006827701 0.003954003441054937 -0.04031489525883263 -0.1879775403387859 -0.004087900565924061 0.999986397626688 -0.0032393873744957936 -0.06636578983608125 0.040301538331751624 0.0034015317706942174 0.9991817730471809 7.873642443767121
0.999052718236207 0.0033443091226325063 -0.043387576347844084 -0.21778640976515865 -0.003366713095920022 0.99999423434416 -0.00044330730409003493 -0.08975415181668997 0.04338584363334995 0.0005889608886555315 0.9990582173713878 8.733405922598408
0.9988863778099365 0.004873063037889119 -0.046928216270963746 -0.2375936206158797 -0.0048772974077400276 0.9999881056196471 2.4273982619171448e-05 -0.11413654929838837 0.04692777637755766 0.00020463591699466493 0.998898264053152 9.591965246417455
0.9987708331581988 0.004533133829301665 -0.0493586216396262 -0.28099415314861004 -0.004550614161057566 0.9999896166726429 -0.0002417801861997748 -0.1204810131792073 0.04935701311095853 0.00046609504061536445 0.9987810911366809 10.451278902086624
0.9986545697708261 0.002797934485426565 -0.0517805160119373 -0.316675865814145 -0.002931081977232651 0.9999925902841751 -0.002495623206578219 -0.10838653341463364 0.051773149742796086 0.002644038456929744 0.9986553709996003 11.310810639251303
0.9985818070945948 0.0002158620690206853 -0.05323840665592367 -0.3804115598819452 -0.0002815545321131254 0.9999992082943372 -0.0012264329353927187 -0.10240009860990064 0.0532380997664247 0.0012396831315811625 0.9985810772886667 12.168016152433664
0.9984458920197086 0.0012526703644865473 -0.055715630894091706 -0.38875720572607825 -0.0013260810811588349 0.9999983007265886 -0.0012806455022519143 -0.1364220063023308 0.05571393199133348 0.0013525386849103176 0.9984458565296227 13.023169932212262
0.9983379009291944 0.0036365141380748076 -0.05751705254281912 -0.448526086262483 -0.0038428203210321104 0.9999865726555239 -0.0034766709133767027 -0.15216792063510087 0.05750363727861148 0.0036919200401994102 0.9983384703727226 13.884622486597785
0.998259838569396 0.0035786195882445927 -0.058859903000644455 -0.5111534655976736 -0.003938085649273113 0.9999742916865055 -0.005992282327420016 -0.15643767426018704 0.058836945712890686 0.006213650128156916 0.9982482679029621 14.753081144355422
0.9979294915217635 0.005874818391530132 -0.06404854768049405 -0.5004833346487183 -0.006424884226843658 0.9999441990267645 -0.00838568395511945 -0.14413100956728084 0.0639957093388741 0.008779825829139113 0.9979115511129356 15.634545396019254
0.9978960838224541 0.004849057997329576 -0.06465208835256268 -0.5791116933712309 -0.0053875647479348044 0.9999522130136886 -0.00815756306223991 -0.15529428040074753 0.06460944232769594 0.008488717545432444 0.9978745219898838 16.52292497021708
0.9978349797436414 0.005392208428596607 -0.06554599368587087 -0.6375350963954732 -0.00585495637279252 0.9999592614547208 -0.006869855660940974 -0.17409884108717527 0.06550627974384111 0.007238751217718778 0.9978259005432413 17.422555071796452
0.9977930058737563 0.005576575386790743 -0.0661666021219807 -0.7200996191553575 -0.005946437058519285 0.9999677705831023 -0.005394226670159943 -0.185811307669216 0.06613438829929671 0.00577577717847762 0.9977940083415331 18.324874900040253
0.9976193140465978 0.004800083057768364 -0.06879435619171623 -0.7492521808800807 -0.005203181517697818 0.9999703234023677 -0.005681480146720333 -0.18774476039252766 0.06876504303269299 0.00602590384939906 0.9976146838030756 19.237452759573593
0.9975830937522016 0.004662635702743924 -0.06932698528053649 -0.8297419889200384 -0.00513789737803057 0.9999644983154612 -0.00667863153951147 -0.19787671620369748 0.0692933840299136 0.0070186848491164185 0.9975716340156593 20.148949875030077
0.9974322397972953 0.001977118094552485 -0.07158923115237767 -0.8955819794732084 -0.0025073983535770106 0.9999700783399417 -0.007318154023182264 -0.20807681457310412 0.07157262022900152 0.007478865478849494 0.9974073523915419 21.065037543762184
0.997238260506102 0.004116930857139131 -0.07415458625788657 -0.9216966287597387 -0.004544424923801746 0.9999740100056677 -0.00559709882862773 -0.2357899472079232 0.07412961611173217 0.005918631049745953 0.9972310513725618 21.99295287092717
0.9973628933266977 0.003529348734468103 -0.0724900180197635 -1.0557227477652844 -0.0036772817886610784 0.9999914197148047 -0.0019073792011967971 -0.2445547266945988 0.07248266422836543 0.002168915461900554 0.9973673140784584 22.91941472678796
0.9974078924253953 0.0069360838825194004 -0.07161973797705694 -1.1149063948768272 -0.0068479630674832025 0.9999754633066309 0.0014758680553339394 -0.26697447823198905 0.07162821741013863 -0.0009815931259989233 0.997430917380037 23.854608841360406
0.9974784796570217 0.003565470478661607 -0.07087996925351137 -1.1712775169959586 -0.003268895863789754 0.9999854131863913 0.004299736535572488 -0.25855345779765576 0.07089426592429518 -0.00405719542411029 0.9974755847760622 24.7968948550963
0.9975724342739041 0.0013248880010616776 -0.0696238683830331 -1.248263173648824 -0.0010201400995794717 0.9999897448145869 0.00441243468350428 -0.2417066189682685 0.0696290003591216 -0.004330697108272645 0.9975635555550068 25.740490544976318
0.9976564611428913 0.0017184854015109133 -0.06840052885586798 -1.311631376069102 -0.0015998277505290405 0.9999971191369165 0.0017894884850695153 -0.25484284756934245 0.0684034070131476 -0.0016758656850559767 0.9976563363118587 26.687710642834663
0.997698265288172 0.0026412180797274307 -0.06775836042896358 -1.3724956431900652 -0.0028496156779584717 0.9999915022005189 -0.002979130282565717 -0.2651007438637558 0.06774991609923967 0.003165358401174386 0.9976973135048222 27.639014690041865
0.9977843601798454 0.001169977465163999 -0.06652068650593733 -1.4500555721455528 -0.0015715764300171474 0.9999808536074484 -0.005985195572902547 -0.27061641406390574 0.06651241033081617 0.006076476878281087 0.9977670949178141 28.595895695908148
0.9978507862304713 -0.0029011774255662277 -0.06546290238577039 -1.5434589141872983 0.0025607579723660383 0.9999827634392854 -0.005283497226190386 -0.2698120698464566 0.06547710239335981 0.0051045072120220044 0.9978410159280353 29.561256882637874
0.9978074335519166 -0.005935800509402735 -0.06591731047944319 -1.6093864380426515 0.005920442296912351 0.9999823822914673 -0.00042833362313275593 -0.27518846391415036 0.06591869167041858 3.713484014086798e-05 0.9978249970357858 30.536045499677087
0.9977555987224249 -0.010025300033313578 -0.06620618231925418 -1.674154487600608 0.010253703751910247 0.9999425900458707 0.0031109760085124096 -0.3054138954572942 0.06617119295748272 -0.0037828523100310266 0.9978011140758393 31.514267618546302
0.9975714428557969 -0.018158996439163123 -0.06724185636133756 -1.7540347567409236 0.018346892875700266 0.9998293097802021 0.002177803079616377 -0.3084108518581729 0.06719083211572802 -0.0034061932958134294 0.9977343283293553 32.49162230601877
0.9974096301296552 -0.018475644891418275 -0.06951748176151724 -1.7655752194733279 0.01841350641737327 0.9998292793069046 -0.0015346081111143692 -0.33833564582265163 0.06953396656335742 0.00025057231196521236 0.9975795530720768 33.47166805136237
0.9973397694699176 -0.017303018879526174 -0.07080953164185227 -1.8285174136665865 0.016967038711218872 0.9998417701943221 -0.005343610395440695 -0.3635933472830572 0.07089078805497788 0.004127967095435303 0.9974755415831537 34.45516310548165
0.9971842237056986 -0.016041391339679807 -0.07325501864270301 -1.9036999695301895 0.01566590489382495 0.9998610494062865 -0.005697482252629386 -0.3772429190229589 0.07333623535683569 0.004533833262113278 0.9972969672768692 35.465630553878746
0.9972696536702979 -0.01474678402097563 -0.0723586223566671 -1.998962350583857 0.014463377657474975 0.9998855459129987 -0.0044391193950310956 -0.3969396699175668 0.07241580335157073 0.003380448979764681 0.9973688003891261 36.521607704961184
0.997215102489457 -0.011580976824543761 -0.07367442122421411 -2.087542686078046 0.01145656937429102 0.9999321430386046 -0.0021110036468639636 -0.4034655838422464 0.07369386938616841 0.001261068600197115 0.9972801127671614 37.56245868665654
0.9971850525126792 -0.01157212987382767 -0.07408142044710302 -2.1828240133840233 0.011543606528731756 0.999933039684022 -0.0008132014404091305 -0.42361790891253753 0.07408587040446409 -4.4254447673148504e-05 0.9972518648004421 38.60445872940274
0.9971149578396142 -0.009233658664662922 -0.07534255371409695 -2.241682313365554 0.009405371295604316 0.9999539164170381 0.0019245864540970675 -0.4438113813464372 0.07532131068488483 -0.0026276586330758168 0.9971558531978949 39.63764923656506
0.9971494778239519 -0.010736197064001429 -0.07468368595627796 -2.3361907555660855 0.01107827008332439 0.9999299493737728 0.0041675265236456914 -0.43628455703053304 0.07463371093128075 -0.004983012940712637 0.9971985653693357 40.671187538805256
0.9971148372560608 -0.0057377724614011754 -0.07569068166553801 -2.410168668030938 0.006310179704177078 0.9999532584952415 0.0073254663230011546 -0.45302558150423466 0.07564511191024605 -0.0077819529637253165 0.9971044369834885 41.69415686070495
0.9971554468043917 -0.005478511573883928 -0.0751731389477731 -2.506685794671167 0.005991176492546915 0.9999602986658761 0.0065959757645591205 -0.4594121477553108 0.07513401834429975 -0.007027588703554804 0.9971486811325856 42.714443554779045
0.9971537015013878 -0.008085520911617818 -0.07496078930788427 -2.598648181046252 0.008479239615448794 0.9999518702173632 0.004935559172007745 -0.46999555036608043 0.07491727489449318 -0.005557121591651407 0.9971742677797102 43.72272270277199
0.9970087156234262 -0.004450116624192617 -0.07716098387753867 -2.616078977049908 0.0046940987967579876 0.9999845397004313 0.0029809053326104386 -0.47921629853708786 0.07714652556923744 -0.0033341898786372025 0.9970141908571064 44.73044364906409
0.9970363355625098 -0.0060318309904016446 -0.07669525789106905 -2.745244619264113 0.006380205564203167 0.9999704091973328 0.004298105010051884 -0.5193674178654777 0.07666706297382798 -0.004774698380229542 0.9970453167787047 45.7249431952048
0.9968405971630627 -0.009012695503642764 -0.07891511368134078 -2.796552331807239 0.009472614160463836 0.9999402512159618 0.005455600711742769 -0.5222070207240567 0.07886122893125204 -0.006185896694709355 0.9968664109365596 46.725320425181174
0.9964139370422008 -0.00881294324901143 -0.08415223169555523 -2.749789439106812 0.009462124179566985 0.9999284503122213 0.007318638002371071 -0.5446279605849577 0.08408171188827698 -0.008088651772020297 0.9964260330995225 47.72159961824507
0.9963028303737206 -0.0074059379614342755 -0.08559101747389512 -2.815897082164545 0.007711990953054882 0.9999649948171199 0.003245664175085555 -0.5332449815751 0.08556398415715162 -0.0038937415565017857 0.9963250691375024 48.70835856589248
0.9962528183494149 -0.004288703707537459 -0.08638245742827937 -2.9070406451653086 0.004260813454560035 0.9999907940447379 -0.0005072420333987992 -0.5696217906863704 0.08638383760603048 0.00013728176851064767 0.9962619202570046 49.68397620949596
0.9961119459030819 -0.0027236541989291768 -0.08805437488831543 -2.9515603977468823 0.0025318637674292955 0.9999941734403509 -0.002289705486132009 -0.5686802723076663 0.08806009820020978 0.0020578613059927292 0.9961130379187988 50.667455636092285
0.9960983394792449 -0.0029695475516773465 -0.08820022604291605 -3.0394871247915196 0.0030570987785322654 0.999994959342171 0.0008575764157254291 -0.5815067590333078 0.0881972348418108 -0.0011238672469825626 0.9961023966885499 51.646998095883845
0.9959623452029244 -0.0051985038518600635 -0.08962132835204675 -3.097787399239289 0.005520351283877644 0.9999791724942083 0.0033436954858182054 -0.5844605457448522 0.08960207954944932 -0.0038249360127308035 0.9959702993588294 52.62440237733977
0.995985479814535 -0.004767664957556872 -0.08938788155815977 -3.196686785484835 0.005113605217284513 0.9999802950833317 0.003641495123601447 -0.6054336171343697 0.08936875874870898 -0.004083970605420157 0.9959902339600587 53.59173124804856
0.9958755218065521 -0.008030276958684603 -0.09037399912854972 -3.2691512924773485 0.008282645675856879 0.999962775324529 0.002417797732299779 -0.6094794728977216 0.09035121940034103 -0.0031563613913685703 0.995904962602176 54.55442674742076
0.9959386931848561 -0.006857414325567064 -0.0897724639630737 -3.357063095961325 0.006934528660061554 0.9999758061891549 0.0005471276024320482 -0.6414715612930462 0.08976654014440297 -0.001167435273607689 0.9959621505686791 55.51573526152552
0.9959042834107275 -0.007079634609388835 -0.0901362139095913 -3.4433712096888 0.007338998355860197 0.9999698271315609 0.0025463561434931393 -0.683130551851103 0.09011546697038646 -0.0031974365160798773 0.9959261915485694 56.471954163110034
0.9956760483700073 -0.010190436165540682 -0.09233288532822728 -3.528075888839449 0.010649875960660532 0.9999332322866578 0.00448454131211063 -0.6519269113424474 0.09228102104063515 -0.00544848414822976 0.995718096238181 57.43205442326884
0.995646663057262 -0.011069578769140014 -0.09254829425119221 -3.6403451231207034 0.011994950662630484 0.9998834165232093 0.009448519485945075 -0.6577046180167964 0.0924329135185761 -0.010517499120466314 0.9956633661588246 58.38951059291604
0.9956864279785906 -0.009081325666139405 -0.09233670268843559 -3.7239839910037182 0.010231977137329248 0.9998756971154459 0.01199570597186106 -0.673639866424631 0.09221628805741565 -0.012888748661048128 0.995655581200079 59.34004265812975
0.9956474381305362 -0.007618828080196716 -0.09288774086377892 -3.834775221111201 0.00843867637743862 0.9999288033487023 0.008436644749570179 -0.6796137911527816 0.0928168502217623 -0.009183773315907683 0.9956408441916171 60.277132383319184
0.9955196600547879 -0.006513501705555533 -0.09433016876865291 -3.9311433041768704 0.006622545517597318 0.9999777153960883 0.0008429721759518697 -0.6866997318124217 0.09432257595749942 -0.001463901210392069 0.9955406112550061 61.19941568734036
0.9954757264443108 -0.004089673298030003 -0.09492814457513678 -4.0270199501299295 0.0037559006695331043 0.9999861219773866 -0.0036944638027623213 -0.7017860988180207 0.09494193631016466 0.0033212083561099917 0.9954772716163514 62.11182491547836
0.9954265108900265 -0.00046504464407372113 -0.09552928949164116 -4.136109856137994 0.00022589881971409344 0.9999968139382139 -0.0025141764349927835 -0.7061731851887644 0.09553015433370808 0.0024810979227027526 0.9954234444527007 63.01909214611183
0.9952836617143566 0.001957734610138397 -0.09698762807517969 -4.2375874392752815 -0.0019266362857437958 0.9999980582155265 0.00041429192742825123 -0.7319312324641165 0.09698825081975648 -0.0002254781030327816 0.9952855009305381 63.91460619986597
0.9951961617649454 0.0056635862809312635 -0.09773701140688726 -4.322278778999115 -0.005490039008986187 0.9999828395980159 0.002044500225188512 -0.7554881342922005 0.09774691340391159 -0.0014980987715908184 0.9952101771083744 64.79619533862453
0.9949984567002361 0.005615968120526845 -0.0997323020200003 -4.409900273850992 -0.005526879072882918 0.9999840427477401 0.00116955444581788 -0.756852339480303 0.09973727874698349 -0.000612496495692093 0.9950136180355486 65.66358009084475
0.9948629962647085 0.0069774577537722775 -0.10098977050420405 -4.535484260927541 -0.0068052075759000834 0.9999747429390801 0.002050032627058369 -0.7679910004338015 0.10100152381546933 -0.0013522452504732476 0.9948853519977763 66.51235224849785
0.9947414250813423 0.007611094916752608 -0.10213505011160073 -4.651050686721856 -0.00741501719624782 0.9999698648782683 0.0022993162721816887 -0.7642715595227132 0.10214947257382578 -0.0015298919923866913 0.9947678848271009 67.35056997883194
0.9947848986012925 0.008495332323452282 -0.10164071449729643 -4.777504790981826 -0.008228790418510365 0.999961517739837 0.003041389105757939 -0.7751282728328592 0.10166264074405837 -0.0021891478155936883 0.9948165233392483 68.17260443117071
0.9949675362296678 0.009050337383308373 -0.09978824200427512 -4.987494856368478 -0.00882005465370162 0.9999573248645703 0.002748651596825276 -0.7564269409475621 0.09980885975183561 -0.0018546813589735043 0.9950049003256708 68.9646380607627
0.994796520435066 0.011484560730634783 -0.10123234559714679 -5.08704357475053 -0.010981369851998733 0.9999244305956242 0.005526537269689373 -0.7600392656773319 0.10128816538199217 -0.004386110217955106 0.9948474604635169 69.76602680989045
0.9945520144330232 0.012386187677555532 -0.10350300933800191 -5.138667149447321 -0.011386213871467668 0.9998826739192688 0.010246586247575032 -0.7877442912481533 0.10361778187589102 -0.009012255592925586 0.9945763593250397 70.56090009548423
0.9942808913511896 0.015262241263667996 -0.10570039302426322 -5.210966320869045 -0.013986899268507503 0.9998202923617914 0.012796469452045081 -0.8113518221081735 0.1058767006603773 -0.011244864303056797 0.9943156829116604 71.33658997330166
0.9940942355716818 0.018077042292580742 -0.10700407162859091 -5.287102093659591 -0.017162023110323915 0.9998079113560494 0.009466010385418935 -0.8321849486796593 0.10715463483165572 -0.007573700007819224 0.9942135199756084 72.08910083605637
0.9939705993992859 0.018212796743709354 -0.10812373266118237 -5.366585376482814 -0.018119055832310334 0.9998341259610574 0.0018494267857749945 -0.8209693467810318 0.10813948097508394 0.00012082409808270817 0.9941357241624406 72.81869467063196
0.9939708462652613 0.0189570225562674 -0.10799346309157569 -5.497122076556481 -0.019455149107800572 0.9998043900201047 -0.0035607400524404424 -0.8287072526190237 0.10790483746294227 0.005640300730367994 0.9941452273484845 73.52264939434444
0.9939398201038461 0.02020362158725854 -0.10805298555191849 -5.58280906627541 -0.020843742011844187 0.9997712332046581 -0.004797882385226099 -0.8337004023650332 0.10793133201655722 0.007021034909303557 0.9941335587525134 74.21564690756546
0.9937800765883219 0.02274843029819517 -0.1090122391984854 -5.674178321564806 -0.022999826178016616 0.9997349185182589 -0.0010491382524116292 -0.8549375363606265 0.10895947582418446 0.003549875245673688 0.9940398538357818 74.8891584708957
0.9936197394609831 0.021496324463367907 -0.11071459428658935 -5.739078598165244 -0.02146768506564865 0.9997684899422616 0.0014508674969538483 -0.8800302991383205 0.11072015106294329 0.0009351754579986374 0.9938511828213845 75.5453179440136
0.9934274154358306 0.019944073775314108 -0.11271292819247064 -5.77558821861601 -0.020308282764197147 0.9997915936954135 -0.002083945094356385 -0.8976648457391679 0.1126478757529232 0.004359254205908735 0.9936254087890092 76.17794274313052
0.9935845353311665 0.01287463092397999 -0.11235664212369348 -5.8396832061821184 -0.013864634945506804 0.9998716025714462 -0.008034318206118106 -0.9023480963082937 0.11223877693813611 0.009540558148275324 0.9936354636896038 76.78877861085769
0.9937646931458193 0.00942751014498007 -0.11109841002126106 -5.903528607864019 -0.011000594778917197 0.9998476140269661 -0.013554911991372013 -0.9052618411749865 0.11095369111163636 0.014692541544949077 0.9937169655649725 77.38210548620037
0.9940876919563912 0.01175261649762515 -0.10794228414419059 -5.983464308149821 -0.013179634279054223 0.9998348061887857 -0.012516292330597669 -0.9543177732743997 0.10777735356314981 0.013864931983040292 0.9940783700091419 77.9589456285992
0.994463819098536 0.017062460942924795 -0.10368502751369563 -6.043509350056154 -0.018119676387764887 0.9997929155838658 -0.00926300577118238 -0.960266023042685 0.1035055062861281 0.011090463240345247 0.9945670474098617 78.5283522747706
0.9949703139251103 0.015790923672779116 -0.09891774935429068 -6.095247343953033 -0.01649194838467282 0.9998443189972628 -0.006273229421802704 -0.976018549853929 0.09880328965290308 0.007873023463812997 0.995075839047108 79.08274199746447
0.9956240411138227 0.011649896578079187 -0.09272027106243094 -6.153066011560295 -0.011944652993104057 0.999925215440066 -0.0026246508365256067 -0.9808470795080357 0.09268276010696545 0.0037206769356404245 0.9956887377800847 79.62371926630992
0.9964914043749051 0.007115549073154417 -0.0833921457231195 -6.22540455702569 -0.00711703824703027 0.9999746345247866 0.0002794165552945941 -0.9922403832976097 0.08339201864392737 0.0003150688950210462 0.9965167695317954 80.15063472531897
0.9973550138239948 0.010857396047162269 -0.07186858389590599 -6.271657575180702 -0.010817628469369829 0.9999410435162387 0.0009425528928525989 -1.0112554756208725 0.07187458044696195 -0.00016261221427643519 0.9974136645559075 80.66083217112156
0.9981325418989091 0.01640880755068442 -0.058840290933817735 -6.281935163792545 -0.016388520472773 0.9998653568644185 0.0008273687835178795 -1.016386112413127 0.05884594462769238 0.00013848160561100688 0.9982670662822262 81.16272419861694
0.9989083845328497 0.021532321554274446 -0.04145356967072001 -6.292091050898776 -0.021473355401946333 0.9997676771979219 0.0018672541484553505 -1.0324310676418438 0.04148414537800851 -0.0009750685907283697 0.9991386865313057 81.65045154312287
0.9996368576270863 0.01905460465660586 -0.019054524785854846 -6.3157225712447875 -0.018997433201127924 0.9998144850453634 0.0031769521942791915 -1.0542436313160484 0.019111525454631094 -0.002813811446523553 0.9998133986199341 82.12399718668122
0.9998349237725795 0.015359962378036761 0.009705501554036362 -6.337198741897014 -0.015409437714674611 0.9998685469980834 0.005043605184807345 -1.0661281664682454 -0.009626756150830923 -0.005192328927178852 0.9999401808539985 82.58362122646629
0.999032063269096 0.01478366965388152 0.041429212783349226 -6.314880820327765 -0.01508753048728174 0.9998614533349356 0.007031398064843657 -1.0803785517395117 -0.04131952303788331 -0.007649656627321443 0.9991166997750606 83.03788138978291
0.9970360459217016 0.014583647402748564 0.07554098464569964 -6.298390155981457 -0.01527507703183091 0.9998464873853452 0.008583337629277616 -1.0810813719450962 -0.0754042117821058 -0.009711791370230895 0.9971057546488752 83.48775354981414
0.9936798062447982 0.01435232122567083 0.11133038011579316 -6.213136803670291 -0.015324357215621861 0.9998515216422748 0.007880275728401052 -1.0656582307127689 -0.11120074971518445 -0.00953653737280014 0.9937522063964035 83.91681609271814
0.9888321560095455 0.014059446245522998 0.14836879460578997 -6.055452885356841 -0.015439961647058064 0.9998475247351146 0.008156890669960039 -1.0699878561649803 -0.14823149066862293 -0.010356604285845969 0.9888984608754459 84.32618225469389
0.9820638972348126 0.011970378412064142 0.1881680413583454 -5.87565626011653 -0.013868275100100406 0.9998653451565661 0.008772827405641573 -1.064904203182465 -0.18803768955640363 -0.011225043234358365 0.982097666075364 84.71881893260051
0.9709704859641538 0.01340329317756606 0.2388235062101805 -5.7656214725987756 -0.015464981139774478 0.9998575523047892 0.006760876971407398 -1.0738953427095184 -0.23869886833596907 -0.010258013017747493 0.971039455132517 85.1169435625946
0.9569311917027663 0.012955908401745483 0.2900255829815749 -5.585856444966122 -0.015007168753264796 0.9998756250170914 0.004849678617402645 -1.0885002262656318 -0.2899266790626989 -0.008993271605295925 0.9570066049058948 85.4925256620636
0.9381181119420192 0.012568906589988495 0.34608731648742486 -5.410237222220058 -0.014642348037532825 0.9998870921143934 0.0033770796511938006 -1.0943277526415787 -0.34600579430159745 -0.008235630525641203 0.9381962293142969 85.84846316090771
0.9140434821667194 0.014338834713905147 0.40536269010304904 -5.22743159999836 -0.016005514733268375 0.9998716427439736 0.0007221735186459083 -1.0999234103433446 -0.4053003037337282 -0.007148136506474077 0.9141556584837348 86.2078189988915
0.8856721337158812 0.01304824697536236 0.4641278000831498 -5.0148330398015455 -0.014629967926976817 0.9998929576994989 -0.00019282480147374964 -1.1047376967347902 -0.4640806348013296 -0.00661939527588081 0.8857682247679548 86.54289986752887
0.8525622343405187 0.010104761779303757 0.5225280187374476 -4.786208528348152 -0.011219905868561624 0.9999365239016044 -0.0010304755587311858 -1.0968053349783156 -0.5225052634075505 -0.004984170639135507 0.8526214914922348 86.8445579135672
0.817035230966346 0.008941792191112538 0.5765184088233243 -4.518980088358362 -0.010385834543471063 0.999945753336025 -0.0007904594142011331 -1.1114755104486416 -0.576494202746737 -0.0053417916152532436 0.817083777504938 87.1244950390245
0.7774962994140485 0.008218022608546734 0.628833816283653 -4.2618753782603385 -0.011247899209336474 0.9999363882530587 0.0008391726907852357 -1.12288159947084 -0.6287869187259124 -0.0077255130466360395 0.7775392770062063 87.39528313563073
0.737127291939363 0.010099582019768264 0.6756784397338462 -3.9469804743495396 -0.014922514871862125 0.9998877632192061 0.001333984404740029 -1.1349965680528844 -0.675589131076004 -0.011066137877280438 0.7371952703079726 87.62193550955006
0.6917751189219632 0.009599386671222817 0.7220491926565935 -3.6499260758665084 -0.016776652986356954 0.9998553958550893 0.0027805204618258994 -1.1530837367219215 -0.7219180900594394 -0.014037063617423497 0.6918361309514882 87.8638834248199
0.6450925824459776 0.007225848716080277 0.764070250162582 -3.3413218608136135 -0.01553882524890168 0.9998725542846527 0.0036633452156682096 -1.1665909693683771 -0.7639464019046449 -0.014235950920727446 0.6451226493608185 88.07832411350519
0.598517547032294 0.002553829700055414 0.8011056258997987 -3.0094648691586463 -0.012346505508537477 0.999905556738321 0.006036671728410297 -1.1709598386814744 -0.8010145502399832 -0.01350390897821933 0.5984925519554414 88.2640935466411
0.5541454967271789 0.002048915423417329 0.8324173054439554 -2.6688840909709906 -0.011051679141691235 0.9999269423681254 0.004895948782513363 -1.1657856651331024 -0.832346459621909 -0.0119126769417941 0.5541276561253234 88.41111807691475
0.508842566733287 0.009111330864641349 0.8608113765106477 -2.315761654265532 -0.015263925831227461 0.9998822817263446 -0.0015605312996209216 -1.2021082161046646 -0.8607242617984511 -0.012345296253768194 0.5089217413433115 88.54747329038352
0.4649605053209513 0.011430282895740267 0.8852576331919477 -1.9567759954213435 -0.016637071936876184 0.9998528916013321 -0.00417168956451978 -1.238099816825005 -0.8851750879509894 -0.012788424038121247 0.46508227216436565 88.67034848824767
0.42274448729647 0.004868790617102298 0.9062358375932679 -1.5991861615875163 -0.01336253064477803 0.9999103464105672 0.0008613453821620087 -1.238470800958544 -0.9061503965872337 -0.012473733163202605 0.42277164609959544 88.78810236421054
0.3841308969453319 -0.010508410447564863 0.9232188404283358 -1.2201534823527052 -0.00945228983261764 0.9998380637885522 0.015313406429636524 -1.2285411948426233 -0.9232302574270863 -0.01460888460576553 0.38396936370195034 88.87237424306927
0.3493316537384416 -0.015969346977966488 0.936863050639454 -0.8465993727711185 -0.009502057485954672 0.9997429669966754 0.020584237761401464 -1.2166569444071758 -0.9369509627509267 -0.016092852381777396 0.3490901223213271 88.96726350811458
0.3164499248059843 -0.013673455415189509 0.9485106650466809 -0.47461517195216235 -0.0073646804883462065 0.999830562310676 0.016870333453198674 -1.2196772870731099 -0.9485806273436016 -0.012324093740572818 0.31629560563163367 89.06914021636443
0.2861868447867647 -0.0022063352185495537 0.958171290509114 -0.09945128071472159 -0.006776086102809311 0.9999676826744283 0.004326460893288064 -1.2379026220989162 -0.9581498705985994 -0.007730827357871247 0.2861626456759144 89.16874167876222
0.2583521599190474 0.0019985517621677767 0.9660487395861652 0.28370996138779764 -0.0048908754751970165 0.999987750193734 -0.0007607887752141101 -1.2509554768199358 -0.9660384261520026 -0.0045282726649662425 0.2583587698229388 89.25810394499963
0.23287794100467757 0.0014914102022244317 0.9725048279001153 0.6813251162503378 -0.0031288146853279295 0.9999947976543397 -0.0007843359742887395 -1.2656809626936496 -0.9725009383605119 -0.0028601328403358977 0.23288139583927342 89.32912319173897
0.20893299336185991 -0.0032666471439052845 0.9779245028637396 1.087488840985949 0.0003739052106222148 0.9999946147009133 0.0032604852499391783 -1.2703026439429166 -0.9779298873026306 -0.00031557187586394946 0.20893308961158888 89.39411880520115
0.18877310117524929 -0.01045372761760418 0.9819650889169017 1.5073396542630757 0.009446458440552292 0.9999164044751218 0.008828843892373307 -1.2570753933690721 -0.981975295359104 0.007609444161173527 0.1888560712922609 89.45293291114345
0.16923708258869366 -0.014314938247230607 0.985471406190889 1.9317962816087928 0.016597130411995297 0.9997941201307353 0.01167272950496372 -1.2374462251348506 -0.9854356118686518 0.014380538758577893 0.16943982697718307 89.51609964084929
0.15067552763234046 -0.013884845973238163 0.9884857593435609 2.3709103126369397 0.0180380227775282 0.9997735136637464 0.011293852784795059 -1.2122017540719197 -0.9884186942318434 0.016128621414952735 0.1508918568520502 89.61297250392231
0.13555520610412433 -0.011112699443160472 0.990707471461256 2.835769547908981 0.01296128846138583 0.9998714181662917 0.00944204085725701 -1.2187329064872663 -0.9906850110400774 0.011560927524012778 0.1356818110702207 89.6702070790882
0.12272142099725439 -0.017031173616430903 0.9922950125611147 3.3082104412644338 0.01037531238324734 0.9998201179988031 0.015877170333859755 -1.2073774715139163 -0.9923869233929646 0.008346901826875508 0.12287604936897785 89.72280997451296
0.10945298903668094 -0.02044504650647626 0.9937816879296405 3.7921082873683893 0.008569046837848635 0.9997706992856756 0.019624481805191024 -1.1956470249353626 -0.9939550365218822 0.006367803638593621 0.10960308594922422 89.78366936425702
0.09763627488300956 -0.023502439880781486 0.9949446181303863 4.288698315887238 0.008077817985153519 0.9997069041909311 0.02282223848756747 -1.198983580148454 -0.9951893823205501 0.005808703180149991 0.09779750653159056 89.82405355941997
0.08687300196013356 -0.026676528479164067 0.9958621613249176 4.800787514164362 0.009609523516894326 0.9996173435245488 0.025938843125749653 -1.1798791957007224 -0.996173046507585 0.007316375689132615 0.08709610817115952 89.87639333737867
0.07919674527014978 -0.02897665922673927 0.9964377696367561 5.330639904343444 0.010432885673670244 0.9995467862144474 0.028237865799128594 -1.1615237910791223 -0.9968044093176582 0.008159374266883448 0.07946316238633816 89.89868331388585
0.07365473620697444 -0.030602996556738152 0.996814143376803 5.875810629880166 0.011048970472578846 0.9994927582082996 0.029868822217503126 -1.1461170128085618 -0.9972225930481957 0.008813789815578548 0.07395550705193966 89.92973947904007
0.06810483080665763 -0.03221771665831658 0.9971578364301819 6.4385975880076005 0.012408146079281954 0.9994285051079371 0.031443617612939234 -1.1281561678264884 -0.997601007383043 0.010231417841050474 0.06846567137836235 89.9648504054619
0.06353917776036244 -0.0343255473997822 0.9973888558056195 7.022641750197243 0.01261254373168545 0.9993561184937542 0.03358976287075026 -1.1166547088122625 -0.9978996425643932 0.010445344647373584 0.06393119852657245 89.97621808740425
0.05879455737681422 -0.03637315643637626 0.9976072340925152 7.623317005358299 0.013224691026860684 0.9992766662109583 0.03565461980665791 -1.0842880711699865 -0.9981825021358065 0.011096749847066071 0.05923305304239272 90.02283107128142
0.05583271441705713 -0.03743634015421458 0.9977380560230626 8.241093929504736 0.01342406527612939 0.9992346430542147 0.03674129273417748 -1.0623817740071353 -0.998349889804309 0.011342334687993743 0.05629253033520369 90.06434712139193
0.05261494463577435 -0.03786205439810397 0.9978968546085953 8.879647283314005 0.013014853099100181 0.9992221123090528 0.037226118135576185 -1.0439883257258094 -0.9985300602384356 0.011028830826079404 0.05306678519400191 90.10091522174258
0.04998134828128034 -0.038091403385175394 0.9980235016331686 9.533252010749132 0.01249982342530114 0.99921803392615 0.0375109996013969 -1.0206504142570554 -0.9986719277311806 0.010600267209261513 0.05041840037893386 90.13736748228607
0.047428209570863744 -0.04262620286661395 0.9979647146898906 10.205914098675672 0.011389375324721857 0.9990471698603969 0.04213115858416598 -1.0028370083810165 -0.9988097151442838 0.00936798927764156 0.047868504366430954 90.17626449551848
0.04846519239340348 -0.04657491296655251 0.9977383938730765 10.8914994562711 0.011106377141317332 0.9988756168698938 0.04608850626332318 -0.9784266879941229 -0.998763121822715 0.00884757056755262 0.04892797749740766 90.20049625877161
0.050664650089411074 -0.04852921091047847 0.9975359687348224 11.597444032220892 0.011131401807919982 0.9987841270624176 0.04802457102314226 -0.9499350841836944 -0.9986536862822359 0.008670825599261004 0.05114324645853922 90.23866623624579
0.05491884899071509 -0.05201637700303622 0.9971350041739632 12.319056383000296 0.011595309064738369 0.9986080183197519 0.05145458730951768 -0.9075769853199686 -0.9984234917274426 0.008736261842337875 0.05544554892679599 90.26847500487638
0.05952812270881169 -0.05238297809624689 0.9968512558112816 13.057487066909243 0.01055310208407182 0.9985994013260097 0.051844649750381354 -0.8858746000805336 -0.9981708444165048 0.007433658393078106 0.059997550614396135 90.29830507783444
0.06343537816514017 -0.053943760964931885 0.9965269807937969 13.814751032000228 0.008631207899119519 0.9985303976688948 0.05350277732419616 -0.8554216357473936 -0.9979486234507458 0.005207262635869961 0.06380775320126103 90.34713193194158
0.06711265169259231 -0.052775329804290665 0.9963486621393306 14.584166212135994 0.006649005467520827 0.998601584346176 0.05244679654279761 -0.8369976286137105 -0.9977232495582492 0.003104884113354888 0.06736970376631288 90.40832053969486
0.07215823500226327 -0.04912700852396452 0.9961825767171605 15.371404074767089 0.0032722357786171734 0.9987925010260791 0.049018694057269586 -0.8273633243194264 -0.9973878290787179 -0.0002773581757171627 0.07223185916252482 90.44546718182825
0.07339648051260142 -0.04710016607491026 0.9961900074805389 16.15796222787643 0.0029908144897561107 0.9988900603858004 0.04700747058863323 -0.7849773936399091 -0.9972983563994486 -0.00047076339007982583 0.07345588271050259 90.55700467129996
0.07736138584502605 -0.0448755721944668 0.9959926701539296 16.956822399799165 0.003508925479222704 0.9989925834929947 0.04473818914499332 -0.7571101823749972 -0.9969969425339821 3.385574497097111e-05 0.07744091574658701 90.63894397107663
0.08025336212535346 -0.04434207042584143 0.9957877176677389 17.755253739568786 0.007645053836704873 0.9990080253819358 0.04386933295959176 -0.7156324690447023 -0.9967451785784572 0.004092189247297901 0.08051275034274548 90.73737191300154
0.0816957396407148 -0.03773056356200896 0.9959428752181757 18.562756533793547 0.012089832779195 0.9992471561391228 0.036864032487594116 -0.6950059957448621 -0.9965839864597051 0.009029148418807496 0.08209039170879415 90.80610892710177
0.08191783030293781 -0.035204256836333575 0.9960171330750577 19.37562024108959 0.01480789647459967 0.9993086265728879 0.03410271336720272 -0.6664955830627641 -0.9965290739764929 0.011955298307021215 0.08238249548255552 90.869358357286
0.0828206314667046 -0.03401891318821709 0.9959836627921893 20.192515772586972 0.014107028777658185 0.9993570730827633 0.03296107125864976 -0.6398538970248568 -0.9964646179079879 0.011320513457628844 0.08324728964076115 90.93501874264632
0.08327410118935769 -0.029947124370313778 0.9960766003742132 21.011147428667133 0.01140821910932107 0.9995114996130955 0.029096643757196585 -0.638119343746571 -0.9964613773788966 0.00894046325023163 0.0835750651152164 90.98990346064114
0.08283753244661735 -0.03196017129440897 0.9960504458454826 21.825495781023257 0.009801661192043025 0.999463397319931 0.03125451736270302 -0.6280775713688477 -0.9965148622353915 0.007173901904226954 0.08310634437536187 91.07784316914292
0.08503912019851262 -0.031030685662513473 0.9958942938802162 22.64191634077809 0.010144679800205128 0.9994900802829012 0.030276474164411527 -0.590878592459881 -0.9963259674963829 0.007528344000614372 0.0853105534444243 91.13732879565666
0.08590572154314764 -0.03010213316891629 0.9958484164695095 23.45742201498362 0.01013588423510028 0.9995181361803316 0.029338699653636446 -0.5921757922211669 -0.9962517105917122 0.007573442102162296 0.08616943842106178 91.19329799558265
0.08601423347759375 -0.027600166532864706 0.9959115334439185 24.266626824285787 0.010481870797317742 0.9995859477470799 0.026796705975878972 -0.576598563196987 -0.9962387675772508 0.008134117894880794 0.0862679204700197 91.28140243396221
0.08426097228008102 -0.023393220283266167 0.9961690849425068 25.074701639891465 0.0110887453314922 0.9996844931641855 0.02253783161786027 -0.5666344772328988 -0.9963820192463222 0.009147205684830143 0.08449378882953751 91.36747359233561
0.08192385282848513 -0.020389264266977975 0.9964300076976734 25.884932603385092 0.00988824269919763 0.9997581312434092 0.019644380087050134 -0.5644110511295521 -0.9965895368676356 0.008243598445722373 0.08210565200159492 91.44099168396315
0.07931089570512068 -0.017952375075948924 0.9966882632255587 26.694433047710298 0.008418717743067369 0.9998142289470797 0.017338765426519496 -0.5618313998125922 -0.9968143794177552 0.007015684149528555 0.07944729801509817 91.50248070331111
0.07384900911465203 -0.015318939949120048 0.9971517707609087 27.504411144698594 0.005762063005624326 0.9998718790779746 0.014933990056117575 -0.5641372470361872 -0.9972527876535086 0.004642790961524663 0.07392781620867837 91.58084963807993
0.06793016848804344 -0.013274680977359997 0.997601761753723 28.314883437243598 0.0031095137909113515 0.9999094395168795 0.01309365071402661 -0.5666038190427481 -0.9976852324922729 0.002212602536886058 0.06796529450273432 91.64640455200232
0.060794941615594005 -0.013081025031131453 0.9980645579611008 29.12139279417462 0.003663311256540804 0.9999103121440843 0.012882073534745504 -0.5596103053652645 -0.9981435544171915 0.0028730562215035236 0.06083740891387217 91.69469654422822
0.05254494675683201 -0.01256727723965671 0.9985394794964786 29.92340101000246 0.005604368611523002 0.999908774246556 0.012289598740962715 -0.5469231810167363 -0.9986028337746586 0.004950427004752701 0.05261058495856722 91.72222085532604
0.042710293667127 -0.013949894442578891 0.9989901056866899 30.724504471478703 0.006445623132536812 0.9998855558229386 0.013686825749020293 -0.5403341335829528 -0.9990667068606038 0.00585454538728093 0.04279532148503024 91.75744297406831
