0.999973649239204 0.0001076026270044093 -0.007258736040420822 -0.0026684642014992085 -0.00013048945029506907 0.9999950220178003 -0.0031526040223694737 -0.05407107868539188 0.007258360678087318 0.003153468137330714 0.9999686854291858 1.8541228673524035
0.9999433760630259 3.770026941919682e-05 -0.010641581008860508 -0.03358079675534593 -8.48850678789249e-05 0.9999901680073422 -0.004433585814258619 -0.06737573340080419 0.01064130923353447 0.004434238078501153 0.9999335478272843 2.713902001469653
0.9998853359055263 0.001264622517323394 -0.01509025417222089 -0.07243934248517159 -0.001331182827550243 0.9999894269432769 -0.0044015853889057014 -0.09110358220069606 0.015084528278112833 0.004421168572320238 0.9998764475049315 3.5721254803466636
0.9998151904919385 0.000713846133395639 -0.019211332209599804 -0.10170211530783932 -0.0008377285758556583 0.9999789048075081 -0.00644112962213548 -0.05757171796744741 0.019206328967373367 0.0064560331221108465 0.9997946972073434 4.431409000297915
0.9996805993367367 0.002286011209768217 -0.025168898714340728 -0.10997658763379367 -0.0024816606439546436 0.9999669278445816 -0.007744971111430811 -0.06514278926020807 0.025150361233830677 0.007804958027911896 0.9996532108486375 5.290733842909245
0.9995528166021532 0.005159197923760863 -0.029454193241145708 -0.16592553988421183 -0.00542444945282611 0.9999453889867026 -0.008932770699234854 -0.05809394940641702 0.029406498785762104 0.00908854889489167 0.9995262158183488 6.1494224221145855
0.9994199597303487 0.004219123485260722 -0.033792648455031424 -0.19132066435622466 -0.004458491621708957 0.9999654817325303 -0.007011219286762448 -0.07072578380035886 0.03376190079140053 0.007157816737248803 0.9994042724115743 7.008400143292612
0.9993019913852599 0.003418445766861497 -0.037200057016003804 -0.23548451350389976 -0.0036058882781459327 0.9999811340205554 -0.004972843521463738 -0.07002142177788925 0.03718235580460768 0.005103511683386292 0.9992954651079518 7.867572016308025
0.9991019789201226 0.002071635330104874 -0.042319546842500964 -0.26587082694016023 -0.0021053370508813357 0.9999975011656573 -0.000751810044586867 -0.11221319475938951 0.042317883616714166 0.0008402318132627045 0.9991038438204023 8.726597830793901
0.999089075458019 0.0036715553874376748 -0.04251516178351552 -0.32697392217384574 -0.0037018532262968794 0.9999929471830274 -0.0006339297225378173 -0.13266522494671637 0.042512534423772966 0.0007907371492104167 0.9990956206247874 9.583311940424027
0.9990405711696781 0.0035455641440164352 -0.0436504997893926 -0.4357631158570492 -0.003649671555318911 0.9999906821017895 -0.002305560048157823 -0.11179192391153779 0.043641918547440345 0.00246265801483413 0.9990442023559325 10.436583898188504
0.9989716400848925 0.0005081245309057905 -0.04533656488488101 -0.4762848127555237 -0.0006614247794640278 0.9999941147650401 -0.0033664450901240367 -0.11414021479904779 0.04533458749521239 0.0033929699003673276 0.9989660969882287 11.295982959081188
0.9988637927351963 0.00035702498591027936 -0.04765496926678107 -0.5259710494066667 -0.0004810141161065593 0.999996529307296 -0.0025903665343950453 -0.1261203760108905 0.047653879045451715 0.0026103460540398563 0.9988604977199773 12.154054705239396
0.9987942460471432 -0.0007459919532442255 -0.049086633202168835 -0.5974982418529394 0.0005839738716491968 0.9999943351426622 -0.00331491434318586 -0.12985580465900856 0.04908882803282047 0.003282252060875646 0.9987890236600392 13.006923414004573
0.9987842586115194 0.000899539193855202 -0.04928687025036441 -0.6799209702415429 -0.0011437448343948802 0.9999872091533453 -0.004926801950297725 -0.14672044698349504 0.049281807978110555 0.004977183836505992 0.9987725121585331 13.866483088512595
0.9987544567362904 0.002057912437719912 -0.04985278473462142 -0.7499107215459416 -0.002460398865338722 0.9999648646856618 -0.008013478121874803 -0.15542286645412803 0.04983454210506299 0.008126154723175993 0.9987244284699333 14.734346304855077
0.9986445549690876 0.005219300277430248 -0.051786211825225775 -0.8139466508657415 -0.005713088567229892 0.9999395765938751 -0.00939168676463042 -0.17135899065163265 0.05173406469258102 0.00967481606419197 0.9986140317883128 15.613487915947012
0.9983775012563836 0.00676223900536721 -0.0565388106409559 -0.8061026438316873 -0.0073201058743101064 0.9999264924621857 -0.009665698229265596 -0.18820064311583645 0.056469292850614944 0.010063885725931525 0.9983536132899247 16.505216650237283
0.9983557921886314 0.005871824363590323 -0.05701959208949645 -0.8929820872516853 -0.006324203746098443 0.9999499189589669 -0.007756546972310997 -0.2145977190576611 0.05697119140747659 0.008104397115083312 0.9983429281048748 17.402354533666585
0.9982042278580405 0.006307907630388016 -0.05956953741349985 -0.9513267530632618 -0.00669687941017011 0.9999575258350993 -0.00633232436888727 -0.2352401089722723 0.059527063529940694 0.0067198829657696265 0.9982040732637941 18.306403728369993
0.9982744429680969 0.007534729922133795 -0.05823542188165727 -1.0280479136916207 -0.007900997065355402 0.9999504136352417 -0.006061725503747389 -0.26764347542459077 0.05818686073425371 0.006511383548065654 0.998284474046443 19.215642885665474
0.9981635071955731 0.00646483731576726 -0.06023137705143595 -1.0817373894735252 -0.006869346645957773 0.9999552066465713 -0.006511280755024721 -0.2949334095084183 0.06018658471527819 0.006913073042700219 0.9981632053133486 20.12875895545087
0.9980952053646035 0.00418203739826691 -0.061550561259734654 -1.1733677611526605 -0.0046563635372847655 0.9999605447648706 -0.007564865640009306 -0.29019772402256516 0.06151649621684895 0.007837057913669952 0.9980752983700485 21.042671977261335
0.9980354396092941 0.0008576388845394735 -0.06264603530492477 -1.2379055258936975 -0.0012421346748275755 0.9999806300482412 -0.006098903981185539 -0.2847304630503457 0.06263959119703622 0.00616473712869009 0.9980171730139733 21.969106990090182
0.9980757533052991 0.0030113038401072914 -0.061933211714243055 -1.3090481558672415 -0.003178483628603556 0.9999915659547884 -0.0026010115556822544 -0.30765426596480533 0.061924856930650085 0.002792860267293917 0.9980769068692286 22.902265399879507
0.9981307380772936 0.0034006067486443666 -0.06102020631739174 -1.376818195737533 -0.0033683760804270073 0.99999412788915 0.0006310545137957327 -0.30737834902141015 0.061021993968215046 -0.0004243359042397129 0.9981363314653888 23.837145353050598
0.9982483109839524 0.0034925483963507433 -0.05906023809115234 -1.4473190979690291 -0.003284156076109814 0.9999880361620019 0.003625169200231544 -0.32756640906733625 0.05907219258290901 -0.003424855991378627 0.9982478381769162 24.778300820384523
0.9983753697197182 0.0030827770831964017 -0.05689567314365258 -1.5239484005026542 -0.002827049476160079 0.9999855402285369 0.0045746174812486455 -0.33307198482860645 0.05690895297115784 -0.004406338536211355 0.9983696486033775 25.722059831942932
0.9984853215784657 0.0048858752964770664 -0.054801376031395774 -1.5839336232064005 -0.0047887434146137876 0.9999867220157601 0.001903609382850582 -0.3556445427750769 0.05480994917764691 -0.0016382962982132367 0.998495460909254 26.669322338353666
0.9984946841873973 0.008455786927437087 -0.0541928530061596 -1.6228681634550177 -0.008564539136623004 0.9999617485852148 -0.0017748340135553063 -0.4033261677471377 0.05417577243461124 0.0022362991383464434 0.9985289102711437 27.620637027558566
0.9984694730284833 0.007431918832372065 -0.05480399632044449 -1.5996467398095817 -0.00771423877490917 0.9999580341737369 -0.00494170127771097 -0.3992755775722957 0.05476497010266716 0.0053569089840553325 0.9984849030284789 28.580382609881358
0.9984011640365028 0.00819532344847962 -0.055928099593414354 -1.6085003562748357 -0.008397019732081793 0.9999590579862757 -0.0033723005230425237 -0.4538373243441024 0.055898172690841644 0.003836538123549763 0.9984291037750509 29.54867578933844
0.9983626965210033 0.008441817756980663 -0.05657439269024259 -1.6120540359470739 -0.00838176277868181 0.9999640290308315 0.0012987290503323685 -0.48099722530325106 0.0565833212884662 -0.0008224094978629577 0.9983975417610882 30.52532204211616
0.9984119232483112 0.007640314103150281 -0.05581448840591877 -1.6700393760617784 -0.007383057184771632 0.999961157692807 0.004813893669866591 -0.5163312520531804 0.05584910010211147 -0.004394167277605317 0.9984295515016174 31.503798509736054
0.9983062798173363 -0.0026062853335428807 -0.05811866269995641 -1.72388816861288 0.0028309865636517335 0.9999888324284679 0.0037842480657879992 -0.5025931779004889 0.05810815082540123 -0.003942371761664373 0.9983025095193067 32.482840693265125
0.998141914267028 -0.002818690046287743 -0.06086685444293216 -1.7497719624586856 0.0027517952454039524 0.9999955142563063 -0.0011828314294531478 -0.4922358492409587 0.06086991544500057 0.0010131405065902034 0.9981451933160991 33.46301470511158
0.9980499040049895 -0.0029300478823975355 -0.062352256856015045 -1.8133570101721552 0.002592917427714318 0.999981584098751 -0.0054870978269631904 -0.4926049697536157 0.06236718604237881 0.005314723206006698 0.9980391213887354 34.44679262630484
0.997898232767501 -0.0005453002294931994 -0.06479830003293795 -1.9064558938972285 0.0001378105924664267 0.9999801900847392 -0.006292888551931492 -0.4994169258125072 0.06480044789767707 0.006270732472856295 0.9978785396362198 35.45583642460539
0.9978403379975265 -0.000357452710600303 -0.06568509794879157 -1.9665528594039186 2.6091055365959065e-05 0.9999872710979186 -0.0050454892123624655 -0.522436218377125 0.06568606537340714 0.005032878867498709 0.9978276459118909 36.51433021001686
0.9977621442324063 0.0019144873931935791 -0.0668359055805541 -2.0692045837922164 -0.0020503817071109 0.9999959679047666 -0.001964716025649382 -0.5457346764708499 0.06683187466775578 0.002097358392739642 0.9977620465903512 37.5536471178056
0.9976825361924873 0.002083013995762223 -0.06800895550750115 -2.10480570362129 -0.0021400545097928977 0.9999974167973327 -0.0007658755470766639 -0.5575150899118079 0.06800718449710261 0.0009096435301547333 0.9976844167397955 38.59951638245969
0.9975965368408147 0.0037880269334803042 -0.06918670779251207 -2.168936741727072 -0.0036775740662495773 0.9999917520346933 0.0017237492764851721 -0.5660822395566936 0.0691926667516327 -0.0014651670662971922 0.9976022394488027 39.63255486857453
0.9975640340863917 0.0030624382577610714 -0.06968944948271169 -2.2066941510296134 -0.002768148739895929 0.9999868414858188 0.0043190517206905315 -0.5767780997185721 0.06970175930232941 -0.004115619896150835 0.9975593849105081 40.66969029731427
0.9974813034792098 0.008351540971592025 -0.07043650312741112 -2.3017157172481646 -0.007861264145184772 0.9999429268213901 0.007234889488305067 -0.5921495059957829 0.07049290556827457 -0.006662947040776387 0.9974900277202149 41.69094141667886
0.9973584076630253 0.007527730331531135 -0.07224638357683988 -2.3376597880829237 -0.007067633325700495 0.9999530979032641 0.006621974995045655 -0.5934398206702681 0.07229284351199397 -0.006093871488415615 0.9973648327002682 42.71517168421047
0.9972420205617684 0.007977476787693703 -0.0737882937191579 -2.353427878989348 -0.007647690560096198 0.9999594704365756 0.004750822381054629 -0.6023082166629024 0.07382320268709555 -0.004173409673292918 0.9972626120519709 43.72752964859742
0.9971950915388217 0.012234999743858626 -0.07383938103850939 -2.4162899881872355 -0.012080624680637973 0.9999238082561093 0.002536964706394206 -0.6240511693675689 0.07386479484983374 -0.0016378229036482297 0.997266919945673 44.73324628845025
0.9971642455008335 0.010044955332897036 -0.07458261437570489 -2.5076251985025637 -0.009896606677392145 0.99994824630265 0.0023583664948139725 -0.6230218703175427 0.07460244413575251 -0.0016135639469692154 0.997212049536287 45.73273718019771
0.997176656900774 0.00954699873058407 -0.07448200955556533 -2.6188054762918136 -0.009321370872438745 0.9999508550011857 0.0033763334331780776 -0.6276303250247479 0.0745105829882952 -0.0026725264510885074 0.9972166417710414 46.728233465947646
0.9970995908838739 0.012540831126597929 -0.07506752569431502 -2.719181290262051 -0.012207451306312872 0.9999134887676356 0.004898276547447373 -0.6759297989150712 0.07512245996915017 -0.003967686376898736 0.9971664221547969 47.71962317438814
0.9970788182069589 0.013532328276654947 -0.07517118047781622 -2.821553870010481 -0.013483898672614889 0.9999084247676101 0.0011517618412496516 -0.67221724592382 0.07517988267882784 -0.00013479675486701524 0.9971699790257592 48.70334014857835
0.9965274245184199 0.013410933959454764 -0.08217809338881844 -2.7556658175813578 -0.01367466269045887 0.999902993211609 -0.002647218684287018 -0.6886267290129985 0.0821346198809521 0.0037617837252251476 0.9966141445916853 49.681527094534914
0.9964106861492708 0.015210201110545097 -0.08327301069204363 -2.834020998455032 -0.015577196208673922 0.9998716015919967 -0.003759160561466017 -0.7139438821567463 0.08320514098189502 0.005042827780831028 0.9965196808905263 50.662564394922605
0.9964279374932655 0.012866090746051353 -0.08346154259197583 -2.9122936746851193 -0.012928061495088522 0.9999164086998851 -0.00020208587109841442 -0.7295710884091623 0.08345196587796554 0.0012803599628375974 0.9965109783988679 51.6428848717084
0.9964925229888949 0.00837815521474047 -0.0832613844613769 -3.0293172448547736 -0.0081850857231087 0.9999629639263601 0.002659914906524624 -0.7307666314317435 0.0832805859665561 -0.0019690837468989975 0.9965241927370682 52.615011834078345
0.9963320397782586 0.005546040292960862 -0.08539149810352453 -3.083671521021963 -0.0053307545297250295 0.9999820129374782 0.002748973926483462 -0.7296527756851627 0.08540520808147048 -0.002283689684156731 0.9963436832709824 53.58608880034709
0.9963394549562826 0.0022418277143082897 -0.0854556300422471 -3.173053920745984 -0.0021720044896975455 0.9999972271113343 0.0009100363370332595 -0.7315016807267489 0.08545743322798106 -0.0007210950959100255 0.9963415614777638 54.54736787866084
0.9962653840513446 -0.0002191599334933852 -0.08634371146731354 -3.243481249344102 9.643704203671402e-05 0.9999989793265726 -0.0014254984061810802 -0.7244053496391614 0.08634393575071801 0.0014118479849645964 0.9962643883248782 55.510620530706824
0.9961571241010981 -0.0006913395339108938 -0.08758142584063533 -3.3178871437432353 0.0006293064832291177 0.9999995312129814 -0.0007358988813967697 -0.7314313137748054 0.08758189353958999 0.000677955354227861 0.9961570921800227 56.46871945484965
0.996106001618513 -0.003556206306719025 -0.08809192321820634 -3.4165561280875445 0.003861645255326204 0.9999871083428741 0.003297096294595462 -0.7470479922844346 0.08807906241270044 -0.0036244371642904067 0.9961068929686924 57.42786574728308
0.9961458646674676 -0.005846560734143786 -0.08751704995876215 -3.526093971056218 0.00660652758196231 0.999942924548364 0.008396513500868287 -0.7573764582791871 0.08746296415747254 -0.008942336005960585 0.9961276346570981 58.38559998150673
0.9961560296183495 -0.001768833430264088 -0.08757874104656174 -3.6095705798703914 0.00275051438113989 0.9999347242852471 0.011089717725120645 -0.7846429096155916 0.08755340841819895 -0.011287975765376676 0.9960958700233006 59.33588877749162
0.9960819076574357 -0.000939463596964084 -0.08843048482097038 -3.7329605752107886 0.001594149424011586 0.9999718420459099 0.007333062315362346 -0.7963328624487258 0.08842110565433967 -0.007445302106500922 0.996055357674164 60.27134898057546
0.9960812711819338 0.0038320753033804357 -0.0883595857813415 -3.8216694712180366 -0.00386446941517276 0.9999925137895371 -0.00019555311059133926 -0.8178560649923393 0.08835817492864091 0.0005362497077692009 0.9960886232457082 61.194176697100296
0.9958306762848194 0.006729167059510963 -0.09097242703590241 -3.8703299549781143 -0.007138657445554286 0.9999657971267962 -0.004176619020599827 -0.8437633931389312 0.09094121035038252 0.004808626337466393 0.9958446532329999 62.11007598030153
0.9957294982993424 0.013249915527762569 -0.09136304479955175 -3.97804404674221 -0.013595610104781587 0.9999025745987489 -0.003162387811343562 -0.8583543989853185 0.09131224234688687 0.004391019163895878 0.9958126296388721 63.01740087188383
0.9954625048139922 0.015704172987210007 -0.09384977602657414 -4.054257690089442 -0.015874664188723922 0.9998734167304993 -0.0010703048956724253 -0.8617064406045825 0.09382108796185269 0.0025552820709679675 0.9955857943880034 63.91578099284306
0.9954101592356045 0.01920640520931808 -0.09375355400987248 -4.148750506527333 -0.019199793916338873 0.9998151938931141 0.0009726119692643985 -0.8987557161873291 0.09375490816014288 0.000831901080712356 0.9955949603812159 64.79590906252692
0.9953006784902403 0.019019100265011774 -0.0949464755637345 -4.2392516840084635 -0.01907556292025568 0.9998179959032254 0.00031299733409877276 -0.903392329818259 0.09493514784388805 0.0014996310096767826 0.9954823297330261 65.66298676059587
0.9951752939087448 0.020404871145418578 -0.09596757591593023 -4.346341624565877 -0.020391088611380986 0.9997914478430857 0.0011244221035084546 -0.9149698651831124 0.09597050535911496 0.0008378862469830075 0.9953838254903242 66.51428417542294
0.9949659884084541 0.020425349623322004 -0.09810956631822595 -4.426419770127702 -0.02034435278252772 0.9997913647333807 0.001826010520514236 -0.927465590926631 0.09812639410599734 0.00017915726612946104 0.9951739439326309 67.35654882735815
0.9947436041370851 0.020120447889570493 -0.10040084464327707 -4.476875675430026 -0.020001337722894162 0.9997975482874659 0.0021929267346818214 -0.9322606530627281 0.1004246409884307 -0.00017324864229365254 0.9949446524642724 68.18677792738971
0.9947008274759827 0.019157891058038407 -0.1010110836928401 -4.575476120660569 -0.018943375319547588 0.9998158062609179 0.003082544781477872 -0.9384430743266842 0.10105153314075177 -0.001152718975041806 0.9948805249319472 69.00041332954947
0.9944498682249137 0.02172390954771207 -0.10294431184583888 -4.647911091123897 -0.02121548609498376 0.9997567337266264 0.006031294887264753 -0.9548688309422395 0.10305029227131834 -0.003813806789344654 0.994668835412354 69.80454658531221
0.994303296111216 0.023268932157102337 -0.10401688391140285 -4.732573941473627 -0.022336410686748256 0.999699278572863 0.010121125358695202 -0.965052282833176 0.10422111158495237 -0.0077401044671062316 0.9945240322299076 70.59700137969183
0.9940094276464198 0.025552564621325446 -0.10626534802704315 -4.805199815665934 -0.024448862897044447 0.9996328914227102 0.01167627889825471 -0.9649099418546935 0.1065246959773987 -0.009008264380075941 0.9942692494087206 71.37301989389547
0.9939348759219508 0.027205277226153835 -0.10655203103208835 -4.91457827521996 -0.02648173444245374 0.9996156669194506 0.008199767685596429 -0.9705920822346608 0.10673415651484039 -0.005328352487077944 0.9942733167961606 72.12169027496535
0.9937563991135419 0.028109197233677937 -0.10797264584960384 -4.985190543836739 -0.02813660129618245 0.999603280773867 0.0012699344934709836 -0.9949867801122478 0.10796550786425038 0.0017759777578207165 0.9941530541192425 72.85187473909838
0.99354707238225 0.027459541582595618 -0.1100463017858047 -5.059904797421215 -0.028136320229879955 0.9995935041737042 -0.004601510366453163 -1.0006089289967366 0.10987521305817989 0.007668115140283833 0.9939158100994343 73.56394083858861
0.9937664673835592 0.028700560692594374 -0.10772412041846068 -5.184561601099608 -0.029538999619201558 0.9995444291933931 -0.0061952861069222605 -0.9992444727676599 0.10749723626911156 0.009338730340924603 0.9941615222438064 74.25101548128609
0.9935990189926316 0.03033734501049562 -0.10881468170514763 -5.2788131347994485 -0.03086733915290018 0.9995184024695674 -0.003189121869745691 -0.9960877878850724 0.10866552733272125 0.00652752804623321 0.9940569372762846 74.92445728749342
0.9934706583568556 0.0307032852162253 -0.10987883900426693 -5.353704349819195 -0.031074211885625324 0.9995156939854937 -0.0016645817434890206 -1.0017108640450378 0.10977451589363474 0.005068111445556212 0.993943594932174 75.58000792149232
0.9934283187331121 0.028094178116414213 -0.11095446225845959 -5.407340496422578 -0.02876687522461224 0.9995761696456082 -0.004466314635371705 -1.0348980081398533 0.11078195895050978 0.007628776610551715 0.993815455373136 76.21078509555727
0.9936482108958077 0.022082882983068885 -0.11034300731226585 -5.479973466834973 -0.023242574831468785 0.9996872040358843 -0.009234543958200305 -1.073087801170179 0.11010456711127987 0.011740543687087357 0.9938506648059199 76.81948580106564
0.9938465086757542 0.018567235377787802 -0.10919878645588985 -5.539260361243375 -0.020260732280756758 0.9996907461528635 -0.01441925045810398 -1.0844014495094862 0.1088972906938495 0.01654296910327249 0.9939153436046689 77.41318485929435
0.9940778407972161 0.020181664841804954 -0.10677989904545285 -5.576832254753819 -0.021860916354477008 0.9996547153042029 -0.014579111982918893 -1.094352870720834 0.10644879882876394 0.01682707860209124 0.9941757906193613 77.99630583522553
0.9943243485411555 0.024888411807234143 -0.10343914566507291 -5.638926308462368 -0.026213798122381372 0.9995905152494332 -0.01147338709211993 -1.1038610448293928 0.10311123452953953 0.0141198010283467 0.994569607686015 78.56544434258218
0.9949112515027039 0.024203492803832435 -0.09780486986555631 -5.706842484006207 -0.025139367102263516 0.9996491030449677 -0.008347634580111372 -1.1094571408852567 0.097568508521045 0.010763908095123413 0.9951706006647796 79.1182815731939
0.9955420072333084 0.019365197695493077 -0.09230980962004884 -5.754972030205219 -0.019863432111706804 0.9997926580242722 -0.004481632012805138 -1.1261130865396398 0.0922038822318173 0.006295242566339737 0.9957202488763658 79.65997230108854
0.9965093276315372 0.01438624328062891 -0.08223257230326853 -5.837159351069822 -0.014625456245389981 0.9998903801311807 -0.0023073254497150216 -1.1238043776345068 0.08219036423423305 0.0035019602206879993 0.9966104957814044 80.18556005553712
0.9972889307562471 0.017938060495279066 -0.07136535978140461 -5.898843212541467 -0.018165174413385762 0.9998317869143291 -0.0025346230931737037 -1.1382213696834094 0.07130788897164801 0.0038241157619625433 0.9974470217054369 80.69427372814894
0.9981423580823878 0.021916154252459054 -0.05684641751695566 -5.911873192519815 -0.0220579588488813 0.999754948150232 -0.001868181078543022 -1.17645662062264 0.05679154385250256 0.003118626605353803 0.9983811870798375 81.1946694163122
0.9989067033924351 0.02724059531021429 -0.03799141856790257 -5.937570411527474 -0.027309649374939227 0.9996261769672397 -0.0012997587751372663 -1.1858828600521119 0.03794181029780116 0.002335870073620336 0.999277220165818 81.68199820076423
0.9995116167633394 0.02613907222944796 -0.01712532797110782 -5.916535531407933 -0.026185570547837607 0.9996539816898983 -0.002496554948609273 -1.1615117250259874 0.017054144663937745 0.002943772156761871 0.9998502339627023 82.15554154072045
0.9996985008865026 0.02297013521059354 0.008676417099535955 -5.890973278464933 -0.022958814138520592 0.9997354283748974 -0.001402178807328197 -1.1645004704831032 -0.00870632980255671 0.0012025558040808884 0.9999613760945504 82.61510042122988
0.9992583729506461 0.022204218510264887 0.031459128538062646 -5.758304189019874 -0.022191720191034995 0.9997534548082724 -0.0007464274115688063 -1.1589524083339746 -0.03146794627853345 4.774166283608287e-05 0.9995047604077452 83.05032632899757
0.9976984693161909 0.022262184563369456 0.06404810272439419 -5.7041149474308765 -0.022368232953606217 0.9997493587201786 0.0009390916455665497 -1.1666778495810826 -0.06401114339442104 -0.0023695731793086073 0.9979463706253385 83.49716101877841
0.9943978550610275 0.022887573008121706 0.10319430629556953 -5.651345020856608 -0.023186906939626918 0.9997296989486862 0.001701877356360323 -1.170416923143867 -0.10312746092384315 -0.004085099969519873 0.9946597603007972 83.93167457123361
0.9890478757945562 0.023189894513583078 0.14576188863596518 -5.57948882874058 -0.023758957757798172 0.9997153736539797 0.002164164074383574 -1.1819304958713734 -0.1456702142256182 -0.005603612435442274 0.9893173344357891 84.36430344639064
0.9815008781002758 0.02258833097359106 0.19012047126023443 -5.46520404775991 -0.023486513359445772 0.9997210972391487 0.0024721296816470908 -1.1870685681598878 -0.1900116048524466 -0.006891664441475616 0.981757655932778 84.78075130610702
0.9706583940674536 0.02400426321287582 0.23926152505991774 -5.343455155031086 -0.02487298390439928 0.9996904323771851 0.000611625049610816 -1.1990044943273652 -0.23917277582969526 -0.006544827050187697 0.9709549673083714 85.17537322243686
0.9556680166719497 0.024615050194940376 0.29341564582380686 -5.1965013829345015 -0.025001212602809256 0.9996844556469427 -0.0024348524098794103 -1.1997205127869095 -0.29338299418795494 -0.00500883636879691 0.9559818671290475 85.56523827269035
0.9347850030638449 0.02618069002722248 0.35424789274831947 -5.090623508665657 -0.02600063130557489 0.9996480413135376 -0.005268839503393839 -1.1845751607261654 -0.3542611539791474 -0.00428543669880671 0.9351367118307687 85.94750528486412
0.9112694557299501 0.025232041864957006 0.4110368877813337 -4.8817575928599295 -0.024761747616710773 0.9996724478598387 -0.00646937747216555 -1.1918566021074637 -0.41106548737227394 -0.004282645588431466 0.9115957569219799 86.29233543873708
0.8828652148167342 0.02453720151504479 0.4689850085113714 -4.657616792843131 -0.02390257297876917 0.999687589946514 -0.0073068127058286214 -1.202410180770381 -0.46901778161557445 -0.0047590176227383695 0.8831759010976638 86.61967324196677
0.8498955984884522 0.022077104973823543 0.5264884358710359 -4.422503712461052 -0.021724679112217496 0.9997405083492784 -0.006852319533657593 -1.220315765259259 -0.5265030958953851 -0.005614036114503139 0.8501546756979452 86.91586725915374
0.8134625072418099 0.020941419353232123 0.5812402311156205 -4.162934074025041 -0.021051869816318125 0.999756880126142 -0.006557394122178705 -1.238705090716405 -0.5812362412041282 -0.006901999413855991 0.8137055943736567 87.20270603426692
0.7733760227626759 0.020111655395931117 0.6336284784737974 -3.904022956825033 -0.021765018657642146 0.9997497607423231 -0.005167190580352452 -1.2479930929312264 -0.6335738405100193 -0.009794754356109207 0.7736202242757658 87.47184891544735
0.7307311794181343 0.021491908833818678 0.6823269313759064 -3.6097206893821574 -0.02467205620102602 0.9996827639435609 -0.005065680306653469 -1.2512901896629722 -0.6822193438103274 -0.013132757853347088 0.7310296147230764 87.72493422933799
0.6856944927633745 0.01961223172602872 0.7276251940117952 -3.298579981113601 -0.024340118978997384 0.9996957006622018 -0.004008077542945035 -1.2558954033011263 -0.7274823854926417 -0.014962167096600303 0.6859632004369524 87.94916069231122
0.6380686069134678 0.01558524607054517 0.7698217670191111 -2.9924647029273577 -0.02163185325805628 0.9997633334175152 -0.0023108609895332393 -1.2635313159601118 -0.7696755912695467 -0.015178183646655848 0.6382547351528697 88.16742416874469
0.5914576367911545 0.012515607910542806 0.8062389369411848 -2.654976650191899 -0.02136422208730579 0.9997717472670757 0.00015290891217902222 -1.2998901981617914 -0.8060529969524489 -0.017315106848089342 0.5915900211961085 88.33900003582067
0.5449675195433114 0.013917607936471604 0.838341638493602 -2.3228777322327643 -0.023314757655291556 0.9997271356138054 -0.001440969424995153 -1.3225339301839691 -0.8381329397645003 -0.018760450600543696 0.5451433029717772 88.50281646092964
0.496744952659396 0.016999848011500635 0.8677300600849324 -1.984048866503763 -0.024716561650293033 0.9996797219871402 -0.005435533818689781 -1.3310809170292583 -0.8675445484743706 -0.01874722953646065 0.49700603396448345 88.6752388377218
0.45189862496142896 0.01907614959908294 0.8918653111734092 -1.6285293603583897 -0.025788089595497856 0.9996328531567591 -0.008314645193045605 -1.3613253040566815 -0.8916964770553832 -0.019242125821879324 0.45222464926280925 88.80923723559225
0.4112285148179046 0.012109365498429036 0.911451848353979 -1.266547670899548 -0.024141726637934038 0.9997056900359123 -0.002389632765552072 -1.3841155690490543 -0.9112125359297887 -0.02102133623346555 0.41139982716009993 88.91016524217571
0.3722541961411317 -0.003564182210645469 0.9281239734326919 -0.8881594006950242 -0.020395137192175103 0.9997197486732037 0.012019255039013138 -1.3754634587696393 -0.9279067042727028 -0.023403433892271577 0.3720771794235949 88.99742105304958
0.3368191179786103 -0.007459034895850611 0.9415398263284099 -0.5123112511241864 -0.021787452164207452 0.9996391331874342 0.015713380554853325 -1.3811189156444743 -0.941317262506271 -0.025806320905776302 0.33653505777111076 89.08340980281521
0.3039988267093534 -0.005890473312313975 0.9526541952269417 -0.13968523675172007 -0.019295496430041727 0.9997376828681617 0.012338933135073477 -1.3815168454838092 -0.9524769798671521 -0.022132956818974984 0.3038054230022808 89.1829584184625
0.27283767962838595 0.004716245119338059 0.9620485214410813 0.23433230984226766 -0.01782734400713071 0.9998410683638884 0.00015433277089904731 -1.3962931436552704 -0.9618948936243742 -0.01719287773838597 0.272878395213735 89.28732841074554
0.2456457094371768 0.009277607023736917 0.969315279691297 0.6211181873366322 -0.015249461924838257 0.9998674418988415 -0.005705483473312706 -1.404175848955683 -0.9692397223319448 -0.013380008915333958 0.24575462562343894 89.36015063963936
0.22042679300874587 0.006882776794718765 0.9753792371726353 1.0199432263262835 -0.012754992496968735 0.9999099425348015 -0.004173366320707323 -1.4150952195644115 -0.975320121339798 -0.01152103309771324 0.22049473169688102 89.42478608145275
0.19740920072041282 -0.00015544445404140053 0.9803211633479856 1.4288628339938412 -0.008278690897752473 0.9999640644840146 0.00182565539550856 -1.4124616601319495 -0.9802862187891573 -0.008476177064302622 0.1974008198423382 89.46942440386438
0.1771712982346832 -0.006047392208690476 0.9841614502353309 1.8505193475950086 0.0003102192279450751 0.9999814152410542 0.006088754923874426 -1.40252927359894 -0.9841799809211037 -0.0007734468092315569 0.1771698815661556 89.514323143941
0.15686527147102092 -0.007010628568321522 0.9875951284273322 2.2777584171737777 0.006747554731249985 0.9999590741937616 0.006026644397776087 -1.3935578426568622 -0.9875969608658526 0.005718480971861766 0.1569061562332805 89.55819864208425
0.14011723279599964 -0.0033247155984262636 0.9901293386925669 2.7262090491936934 0.006492322314509887 0.9999759501667963 0.00243902418407892 -1.3964122966853227 -0.9901136353088733 0.006086489480448024 0.14013544812519105 89.59975161909117
0.12500696391709062 -0.001727889865801384 0.9921543596481557 3.1917869298040507 0.0017043051429140414 0.9999973820878117 0.0015268141656565705 -1.400041951659624 -0.9921544004418908 0.0015000713743976968 0.12500958151142086 89.65109968483016
0.11088547942702397 -0.0011197438120148845 0.9938325596527986 3.6659946459715553 -0.0008767439114390023 0.9999988659435863 0.0012245128208893603 -1.4020191457117364 -0.9938328037312664 -0.001007117336875137 0.11088437194806526 89.68602160997582
0.09740216125484254 -0.0019698814888071416 0.9952431554900566 4.152572417258843 -0.0032038422699474014 0.999992239123321 0.0022928340171141765 -1.4091429022351079 -0.9952399481419503 -0.003411929079101202 0.09739509413910004 89.720516808817
0.08614007521502477 -0.006454260834601096 0.9962621291402316 4.649972909013661 -0.0029502666750860513 0.9999729783198633 0.006733391169561144 -1.398363121909079 -0.9962786675265574 -0.0035192537810516166 0.08611870577481259 89.74735371218134
0.07593918949756467 -0.010274393157880254 0.9970595149456672 5.164249451938926 -0.0019685404119740035 0.9999434173356477 0.010454041120386923 -1.4012054628414212 -0.9971105075903552 -0.002756623357970838 0.07591466709775416 89.7765313637123
0.06836933599224701 -0.012368901443922711 0.9975834021138528 5.694725550286304 -0.0011905726309548233 0.9999214193949354 0.012479486047991718 -1.3987148837682941 -0.9976593689395125 -0.0020409096702780102 0.06834923741292251 89.7894242069993
0.06252332334911873 -0.01362630958081603 0.997950478593296 6.239476775413669 -0.0005579936244332636 0.9999061596258287 0.013687972290854026 -1.3923078623789005 -0.9980433470949512 -0.0014126675220907548 0.06250985274319029 89.82964891323999
0.05472709721137094 -0.014706758515838664 0.9983930368771476 6.801004704428863 0.001574972354508833 0.9998915524489986 0.014642499896099335 -1.3838826041627301 -0.9985001073074035 0.0007710999167836092 0.05474432492979152 89.8834999049198
0.04847427666049674 -0.0130785484720794 0.9987388027267712 7.3844637298105775 0.0026308060562929077 0.9999124740350789 0.012966230313202702 -1.3822182465155486 -0.9988209666210118 0.001998959455421733 0.0485044410271857 89.9141900784977
0.044114845364458095 -0.015011466033350872 0.99891367810537 7.987491303004251 0.003235575971615126 0.9998840046342522 0.014883155737139187 -1.373950470747358 -0.9990212267347468 0.002575492980715724 0.04415829898563099 89.93209319311484
0.04145992576739552 -0.017398009919717017 0.9989886805195514 8.60687582695834 0.0030628537790122774 0.9998458977227302 0.017285824647651594 -1.3710707212399427 -0.9991354730376092 0.0023430872485992993 0.041506824258848864 89.94645685591165
0.03836602334161663 -0.01812672316803055 0.9990993294763741 9.246308076255257 0.002581242853986498 0.9998339172315562 0.018040929541530533 -1.3618342967579795 -0.9992604192292797 0.0018867592807381315 0.03840644088088915 89.96806744558141
0.03608550322479268 -0.021042290879887064 0.9991271482907166 9.901147906924798 0.001767465287150399 0.999778077927455 0.020992164303254842 -1.3616966337345582 -0.9993471431507016 0.0010084097393922935 0.036114686573820144 89.98410933928443
0.03487343091077287 -0.023496667071344977 0.9991154840422853 10.574592667251519 0.0016017189528245233 0.9997236090914413 0.023455061747346313 -1.36097531053067 -0.9993904533829131 0.0007823437314963327 0.03490142726849488 90.01196995812758
0.03571805364783118 -0.02534107231112127 0.9990405650911949 11.260731445154029 0.0018107285206536994 0.9996784532826176 0.025292514795684985 -1.3528012948018304 -0.9993602663233275 0.000905591844139118 0.03575245442730673 90.0308667188636
0.0380731666274251 -0.026897021969522764 0.9989129012041702 11.967724470053383 0.0018542100266830171 0.9996378650114663 0.026845870082508105 -1.333105153492282 -0.9992732338495485 0.0008300870322855909 0.038109251729488446 90.05085140655636
0.041129557969427445 -0.028723303046290977 0.9987408729612255 12.689633110671066 0.0024104639321420418 0.9995866451141879 0.028648360738227515 -1.3096922821673764 -0.9991509140889921 0.0012291344381163993 0.04118179335169417 90.09216615067822
0.04529601385349862 -0.028690398492422425 0.9985615314858317 13.42779990784375 0.0022484006382704974 0.999587895406233 0.028617897405302115 -1.286733117531631 -0.9989710785721229 0.0009488897074158288 0.045341854668392495 90.1271426860562
0.0492691026327636 -0.030820412848615558 0.9983099006208456 14.185683227644855 0.000849783730342275 0.9995247137255746 0.030815978313401687 -1.2621248417439732 -0.9987851788014129 -0.0006699280868655281 0.049271876389929865 90.16918390242792
0.053038436990633896 -0.03089466123553066 0.9981144443943955 14.955755388297336 -5.784978107348378e-05 0.9995212023390703 0.030941278707469495 -1.2278250996417448 -0.998592469856943 -0.001698817763231011 0.053011255061674346 90.21272244007841
0.057052308057554645 -0.02787920127558939 0.9979818556875374 15.741719905482281 -0.0024067688374293204 0.9996032846986648 0.02806208622669866 -1.2092871754238705 -0.998368289565061 -0.004002918418732717 0.05696257574112896 90.26868911134734
0.06100419962616214 -0.02782604567116097 0.9977495671812028 16.536070681357074 -0.003320272311304164 0.9996001461224461 0.028080663520548554 -1.192911566447164 -0.9981319869735398 -0.005025838664570911 0.06088741681141928 90.30930427105103
0.06555454537495203 -0.024764229068390712 0.9975416455162817 17.338290029660197 -0.0028046298587524193 0.9996834741836299 0.025001709851411365 -1.1789825942455334 -0.9978450459024362 -0.004436710807270553 0.06546434117268607 90.35310273606433
0.0692327331248306 -0.02399828603725808 0.9973118423699474 18.141582572280203 0.0008804207700733752 0.9997116928880654 0.0239949153392535 -1.1625651904628396 -0.9976001471147296 -0.0007831795097736554 0.06923390142496519 90.41100458927404
0.07078158857775135 -0.01898295698304057 0.997311192187569 18.947963355084052 0.006729493267619453 0.9998052344190834 0.01855282050129158 -1.1249056114652276 -0.9974691376873608 0.005398200845867619 0.0708955484417505 90.4854544410091
0.07036508543961684 -0.01822302081470584 0.997354839695212 19.757280483834226 0.010040289822782916 0.9997954116651593 0.017559253787096423 -1.0906105329718743 -0.9974707751765692 0.008778173253709314 0.07053365397438184 90.58235837999874
0.07164420348007997 -0.016213574325364154 0.9972984649117338 20.5764022104314 0.009648513246910503 0.9998323567788059 0.015561636490198745 -1.0787134938888014 -0.9973835843344451 0.00850754639863666 0.07178862970168651 90.61753553876007
0.07115959191054858 -0.014171457165723027 0.9973642675978142 21.39213001200026 0.0076826130793358335 0.9998771966813559 0.013659026791712395 -1.07535851065843 -0.9974353562689632 0.006690392994714797 0.07125972709868302 90.70556977707767
0.07210461561505428 -0.01600894234257268 0.9972685887824186 22.211064859468056 0.006350688355584426 0.9998582793016098 0.015591345978610486 -1.0832645346988778 -0.9973768561403515 0.005209134005460712 0.07219606470229219 90.722323251218
0.07204227902297605 -0.014950500284006909 0.9972895229442815 23.02611025323781 0.006211925438677498 0.999874984790692 0.014540521728879827 -1.0676670538985333 -0.9973822346600705 0.005147555833771643 0.07212614403541996 90.80552516749032
0.07007326181518128 -0.013268720275088372 0.9974535974374155 23.837805070304118 0.006692464530569768 0.999895282170023 0.012831040979880155 -1.0633784013865444 -0.9975193977547926 0.0057763099277937475 0.07015472433507142 90.90204910305205
0.07084702993684773 -0.012524553414394362 0.9974085591726676 24.649546298031318 0.006722550437037886 0.9999044554079898 0.01207838444756245 -1.0654130725310533 -0.9974645385499904 0.005849411680825408 0.0709244578283067 90.9644149979408
0.06991941489500708 -0.01184063010022867 0.9974823682148819 25.459825479413073 0.008589255818482576 0.9998996318133097 0.011267252730041878 -1.042777129469701 -0.9975156640901541 0.007779831516663835 0.07001409941110226 91.02296153695066
0.06704141332538699 -0.009141692646606284 0.997708313263395 26.270296937381794 0.008066023500929472 0.9999303145523013 0.00862005244810081 -1.0411239925568903 -0.9977175893829948 0.0074696382027947105 0.06711047862221063 91.0937947959496
0.06234610488243067 -0.006783038469641823 0.9980315393789454 27.07899082630278 0.006708231285573671 0.9999571653956175 0.006377068838446003 -1.0405418954590198 -0.9980320449960538 0.006297440993805998 0.062388936502566314 91.16515570015366
0.05814777509283505 -0.004912875450399606 0.9982958979714185 27.89194475217437 0.004145584236019823 0.9999804570897916 0.004679697620933601 -1.0470285438179443 -0.9982993791358843 0.00386640573274823 0.058167005455108056 91.20086791475923
0.05168245965783894 -0.001371009830581734 0.9986626275653648 28.70245588350068 0.0015015696567692426 0.9999980339557897 0.001295134398943679 -1.0702926517584943 -0.9986624397924847 0.0014326257675756286 0.051684416714599314 91.26169023778189
0.04380415042472651 -0.00015448126995640842 0.9990401255911114 29.508848981226436 0.0019489896424206379 0.9999980983253846 6.917353861290488e-05 -1.0791482122992897 -0.9990382364278847 0.0019440887690478665 0.043804368205880836 91.3115913354829
0.034175378461571974 -0.00020285965921229627 0.99941583055051 30.31004903571477 0.0033440959530383636 0.9999944045683133 8.862455106583092e-05 -1.0880700331070046 -0.9994102563658538 0.0033391136567718716 0.03417586561774198 91.35779309824547
