0.9999746430942726 -0.0012417574198257545 -0.007012218407318607 -0.02514404285288244 0.0012209585842189296 0.9999948453924847 -0.002969587277076861 -0.034996600396254546 0.007015869769120047 0.0029609503492734005 0.9999710047518435 1.858775440973761
0.9999493161672611 -0.0016280511442017904 -0.009935519417611621 -0.06820439198689322 0.001585774507328168 0.9999896624305263 -0.004261496367927588 -0.04559521811854239 0.00994235464252724 0.004245524885548914 0.9999415608437364 2.7180694658798212
0.99988457171958 -0.00019931847762351838 -0.015192218708774274 -0.07769934831702596 0.0001398718107353142 0.9999923307637705 -0.003913930188238717 -0.06933576790592863 0.01519288231466684 0.003911353446867511 0.9998769312476339 3.577119388282907
0.9998275060805141 -0.0010521270969669084 -0.018543222842608335 -0.10716421462137057 0.0009696531927229874 0.9999896014745097 -0.004456087469577589 -0.06859761037615358 0.01854771839080618 0.004437338326351695 0.9998181295471052 4.437049699546074
0.9997374945047977 0.0009452829468287125 -0.02289210609399302 -0.13663903091570498 -0.0010805015205482009 0.9999820398252526 -0.005895128784873345 -0.08173733071828779 0.022886122383057598 0.005918316236615527 0.9997205604243571 5.295841616191501
0.9996114466629102 0.004190546675329066 -0.027557122836823295 -0.16085800653787008 -0.004370809107869267 0.9999694236213105 -0.006484431371050564 -0.09748029617638114 0.027529106927476555 0.006602358747084096 0.9995991982443515 6.155894898097505
0.9994672697322617 0.004809747717844862 -0.032280691765008154 -0.18892986822699193 -0.0049801552737448315 0.9999740755381269 -0.005200606225921272 -0.10488964175158212 0.03225484130151878 0.005358598562907801 0.9994653123715977 7.014850236428174
0.9993082168724706 0.0034991036165311993 -0.03702491006123337 -0.21526552218626968 -0.003596095301908018 0.9999902741732011 -0.0025533620160722984 -0.11356842686584312 0.03701561548510618 0.002684740748435899 0.999311080883912 7.87470973721751
0.9991400963071254 0.004373517896170041 -0.041230332191214865 -0.23281019398763608 -0.004411309051332193 0.9999899292750548 -0.0008256518176338754 -0.10666821297834224 0.041226305968879606 0.0010068215741714332 0.9991493271811165 8.73510115700526
0.9989730474002637 0.006956361320766629 -0.04477119168621252 -0.2702915252255281 -0.007098156887757757 0.9999702808497634 -0.0030089177526117237 -0.09867621966921984 0.044748930005368906 0.003323620679343981 0.9989927361142092 9.59337979315837
0.9989155565342517 0.007280268077257204 -0.04598596101624594 -0.3228164212179985 -0.007443259017373331 0.999966606038864 -0.0033741224511134667 -0.10738620221698228 0.04595986084688138 0.00371274882507555 0.9989363877079946 10.45216328669476
0.9988587696286748 0.004264917273450387 -0.047570671810875764 -0.35602233240324443 -0.004464402512591073 0.9999816785530335 -0.004087990761079792 -0.10971646481803818 0.04755236530492442 0.00429570004862374 0.9988595093980932 11.311876148987407
0.9988217035002667 0.005187521510397734 -0.04825240136409736 -0.4269521586029347 -0.005367690725365647 0.9999790954915498 -0.0036050625760740062 -0.12221801377141388 0.04823269133170564 0.0038598187107380367 0.9988286686346266 12.168446075472838
0.9987789747574317 0.0032825509365543336 -0.04929284371833145 -0.48919975098606516 -0.003485329770923754 0.9999858122618313 -0.004028368333750906 -0.1297065478463338 0.0492789210401245 0.0041952514100340906 0.9987762451153551 13.022017564088246
0.9986627348751979 0.005708258995701669 -0.05138246540236621 -0.5275605795237162 -0.006051024041743521 0.9999604511234983 -0.006517767787725352 -0.140030215681683 0.05134322817698154 0.006819968337645111 0.9986577796984509 13.884770498057422
0.9985617457495923 0.006317893723244495 -0.05324024928965767 -0.5513015271183428 -0.006807122529424552 0.999936214613945 -0.009012756870280542 -0.15861278801278905 0.05317991169974323 0.009362207134815897 0.9985410587798441 14.754972724603343
0.9985046049403008 0.012027948823152064 -0.0533280635324191 -0.6339062522285349 -0.012682159163127914 0.9998482132748316 -0.011946265110355535 -0.16193453511326772 0.053176279974921206 0.012604715714107265 0.9985055855576348 15.632702727529802
0.9985465660815261 0.013770870557150929 -0.05210679889310143 -0.7081034309897151 -0.014451966782469412 0.9998146918848035 -0.012717018023612229 -0.1613646049401774 0.05192201867133393 0.013451580405018856 0.9985605434632898 16.52153328455768
0.9984303034009125 0.014697372063116764 -0.054045504023877075 -0.7670583191557895 -0.01533693751512097 0.9998169566168624 -0.011438164584043066 -0.18402081539032078 0.05386750039136675 0.012249102654183198 0.9984729600173221 17.42103995072565
0.9983245408406093 0.015053238873786722 -0.05587048554281789 -0.8163577344052073 -0.015641382847254085 0.9998266073053691 -0.010104576530476243 -0.19851390178330627 0.05570869140454797 0.010961538379413773 0.9983868921306753 18.3257469048477
0.9982563464033058 0.015763618608260224 -0.05688387463851317 -0.8570907936341954 -0.016371248412246044 0.9998136293359908 -0.010231755441691862 -0.2184785851012241 0.05671198366254995 0.011145174846873735 0.9983283708212897 19.23766476798608
0.9981388405936715 0.016745640719000997 -0.058638199283616 -0.9072026349067885 -0.01741882420050266 0.9997879018182524 -0.010987990777595694 -0.25323444103729287 0.058441761282382085 0.011988948859958787 0.9982188265322617 20.150730532898322
0.998109049888292 0.016176845988570433 -0.05930121571221922 -0.9727899252367284 -0.016928521004161985 0.9997823284581089 -0.01219511703485725 -0.264229983800398 0.059091028995073985 0.013175938552694685 0.9981656400295283 21.06682712636013
0.9980359291655152 0.01728625764010603 -0.060211870852185406 -1.006044261273938 -0.01795856394232432 0.9997820904787867 -0.010642440462470886 -0.28220538615835844 0.060014782144483254 0.011702856688336906 0.998128883997193 21.994753783515904
0.9979942992062274 0.017273059924673324 -0.06090172536721201 -1.05796888444066 -0.017720035773592168 0.9998198175362853 -0.006806819660669465 -0.30447514988022295 0.06077317734039601 0.00787234796925368 0.9981205573744102 22.929194409469698
0.9980308654958401 0.018098187004017136 -0.06005703243404764 -1.1276702112713815 -0.018319062366214688 0.9998272952296761 -0.0031291640633027574 -0.3223970600688804 0.05999002810167019 0.004223190841064445 0.9981900426208831 23.86376057162655
0.9981641312948573 0.016089022611549156 -0.05839101255998547 -1.186672125451703 -0.016141622299441764 0.9998696233947341 -0.0004292342214526499 -0.330505967448801 0.058376493778894555 0.0013709718742023471 0.9982936969700861 24.805888253217834
0.9982650689327175 0.017139784897295205 -0.05633009783788231 -1.2614148224541495 -0.017146960954077306 0.999852916691346 0.0003559688866267482 -0.3541546047883408 0.056327913850861756 0.0006105386830179087 0.9984121360258627 25.749518320810925
0.9983190343303356 0.01843832223460149 -0.0549466465483868 -1.3150901100541368 -0.018607146839983834 0.9998235883456373 -0.0025624742201997607 -0.36628595948122894 0.05488970559417697 0.0035805671096954743 0.9984860037872122 26.697350477419352
0.9983233492522203 0.0198740920971983 -0.054364609822341134 -1.3646019090654855 -0.02029172743199808 0.9997685999232867 -0.007140896670377603 -0.38609585960757353 0.05421011100937346 0.008232075725095999 0.9984956168124159 27.64916202562467
0.9983459450832026 0.02174436341371038 -0.0532217680620765 -1.3939336780108422 -0.022319950923111793 0.9996983900989976 -0.010244443579906637 -0.40955623354674126 0.05298295694570678 0.011415405958818953 0.9985301671857911 28.608462021856386
0.9984612195249056 0.019341612452354613 -0.051972061076850956 -1.4343071049469693 -0.01982869934586384 0.9997640199673812 -0.008872827109319218 -0.4458671311477319 0.05178818192487694 0.009889712149680967 0.9986091216319384 29.57681038749308
0.9984948273847339 0.015883604350727745 -0.05249562647263482 -1.4834525284729978 -0.016108774250282173 0.9998627598674523 -0.003868956240817725 -0.4585767908750878 0.052426968995719476 0.004708772989807891 0.9986136592190452 30.552521094526753
0.9984730619568265 0.012625229733923262 -0.053778695788568275 -1.528456027906825 -0.012672742079517628 0.999919550388608 -0.0005425484572057328 -0.48613014136385124 0.05376751951447625 0.0012232435604262555 0.9985527314671224 31.531930349494278
0.9984986282750589 0.005593205665729962 -0.05449041551686675 -1.6005882428632279 -0.005681739795473272 0.999982778341362 -0.001469984212588335 -0.5002410258078643 0.054481255177504635 0.001777377582168232 0.9985132116117507 32.50979018135961
0.9984280328052628 0.005358434301887739 -0.05579202891488766 -1.6319633487821046 -0.005699340300162786 0.9999660392015142 -0.005952979403354598 -0.5053579357700544 0.055758235524002574 0.006261599273842789 0.9984246649326041 33.48984515864456
0.9982094671639109 0.00752946704311079 -0.059339420205981985 -1.6407654064410548 -0.00816317115176007 0.9999121374232026 -0.010444140486764697 -0.5289460673963202 0.05925556768002771 0.010909837753464822 0.9981832262361003 34.475354324810645
0.9981325719587977 0.00750755329682816 -0.06062182312010575 -1.720470747867792 -0.008159350263942182 0.9999114630487825 -0.0105114731085206 -0.5390848740841215 0.060537540404118455 0.010986478377357873 0.998105457100943 35.485516418205556
0.9980713256845651 0.009133762446688348 -0.061401980666882204 -1.7720769144793083 -0.009750979093609988 0.9999048264871264 -0.009759937216118784 -0.5439725181375363 0.06130699187665753 0.010339842905677596 0.9980653988570688 36.5446970172307
0.997948220199014 0.01227625962196684 -0.06283823080982238 -1.8517283146170538 -0.012782403158295192 0.9998889685485688 -0.007659030250287982 -0.5557916293322849 0.06273722954604459 0.008446539206689245 0.9979943366594398 37.58622272145104
0.9979075386031303 0.011524442671934136 -0.06362178573520993 -1.9313626149502967 -0.011934629053945092 0.9999103498769438 -0.006070983306620575 -0.5832972509938654 0.06354611733520973 0.006817582420908514 0.9979556160178429 38.629367273087794
0.9978332908177381 0.011504459847066037 -0.06477940366709344 -2.005262905564209 -0.011835689188023791 0.9999187602367418 -0.0047317426027580385 -0.5711143893750735 0.06471970486089484 0.005488199180200557 0.9978883902884507 39.661716547716274
0.9978647984811437 0.012033479284192444 -0.06419532170256503 -2.090585832150372 -0.012212066082371796 0.999922573060218 -0.00239025660346444 -0.5830473133785425 0.06416158815193505 0.003169110434743906 0.9979344905077047 40.69601221359354
0.9977288998977596 0.01702073389915643 -0.0651715960087902 -2.1687419024101247 -0.017021895431955047 0.9998549725791561 0.0005374798940189986 -0.5962217182265881 0.06517129264256045 0.0005730848690172979 0.9978739270013165 41.7187229697311
0.9977202191318887 0.015929658924181665 -0.06557903858678568 -2.2367627056881703 -0.015963169493544448 0.9998725804075461 1.2995133961300618e-05 -0.607185344970098 0.06557088954046655 0.0010338838002798272 0.997847377873569 42.74126600123542
0.9977312947351784 0.016266961380967396 -0.06532724908861287 -2.3080198035073662 -0.01641675417094759 0.9998636926710871 -0.0017567756337673866 -0.6160626353064048 0.06528976710439428 0.002825251416588777 0.997862347353524 43.75123607451614
0.9976688738566213 0.018947239354584335 -0.0655577627630164 -2.3841657852145 -0.01923460853240023 0.9998079464416353 -0.003755005561140854 -0.6358354588748784 0.06547402517225406 0.005007230072514152 0.9978417107310869 44.75607495979079
0.9976903385784678 0.019251552111747894 -0.06514112409578617 -2.521580386771515 -0.019602073876265134 0.9997965961374977 -0.004746056428372993 -0.6319983588203361 0.06503650518688062 0.006011995771843436 0.9978647748567511 45.75027198590186
0.9975786261174556 0.019526227565499453 -0.06675036442342736 -2.5707488045351474 -0.01980762799869267 0.9997974843262055 -0.0035564319276747977 -0.6696642334108355 0.06666740272925864 0.004869986863565282 0.9977633690616637 46.750051409350824
0.9975171599627323 0.020985957890103997 -0.06722428989070635 -2.638580617411477 -0.021259182368832494 0.9997683804885962 -0.0033514982050077305 -0.6748226947403178 0.06713838503332786 0.004772310409480082 0.9977322598314994 47.745357358618996
0.9974618975700023 0.024256825236004222 -0.06694303044761502 -2.7138821269508386 -0.024756109959700665 0.9996714768403974 -0.006638780867143852 -0.7050688273540592 0.06676000236446408 0.008279179984088284 0.9977347128686493 48.731059071900965
0.9974596038242913 0.02442761726971208 -0.06691509734882269 -2.801670836983816 -0.02527376426751933 0.9996105949756426 -0.011827732335107883 -0.7070632122884951 0.06660011695505864 0.013488881605447579 0.997688565883465 49.70765999994039
0.9973528582006076 0.02570414643103978 -0.06801891718720907 -2.8735748924282607 -0.026682399595450376 0.9995526279432045 -0.013512717108775775 -0.722764202618955 0.06764115456508041 0.015291854958931608 0.9975925187074212 50.68939212383076
0.9973842683211075 0.024106498348605235 -0.06814321714541868 -2.943365917539222 -0.024863764245168275 0.999637924702591 -0.010286531186799432 -0.7411819945851936 0.06787057192273643 0.01195392126731806 0.997622518407245 51.670304483003605
0.9974971950509328 0.02025042148997287 -0.06774412369342146 -3.0017027928053484 -0.020760348716025005 0.999761139611396 -0.006831664812551065 -0.7605470818753352 0.06758959821377757 0.008220958119383635 0.9976793382950746 52.647519187479254
0.9975744086301261 0.017197034451470656 -0.06745043552357063 -3.0886951644003715 -0.017639584674543348 0.9998265811095219 -0.00597099316307477 -0.7789292171306919 0.0673360549687445 0.007146307642340509 0.9977047589283744 53.616044110657654
0.9974075531922387 0.012838427505023845 -0.07080499709950189 -3.108138132329511 -0.013424183717351401 0.9998794437521383 -0.007803156632862841 -0.7855006345834411 0.07069628085397982 0.008733426653528588 0.9974596548895104 54.58125335517657
0.997407445324967 0.01028261992494482 -0.0712225788482364 -3.1766031247408724 -0.01098021602790989 0.9998954379116624 -0.009409999969449308 -0.8045286855935486 0.07111837221347511 0.010167643331853767 0.9974160597076732 55.544485682442875
0.9973633104519787 0.010685041760944444 -0.07177922294667115 -3.251214219323583 -0.011300268166446874 0.9999027689485588 -0.008170470510985963 -0.8449231892328508 0.07168494195873543 0.008960051984862624 0.9973870796059071 56.501742501889936
0.9973935880721613 0.008403921917614401 -0.07166173713309822 -3.336565389100691 -0.008783153493407388 0.9999490341181291 -0.004978491833049657 -0.8532206799266584 0.0716162459728359 0.0055949318693964715 0.997416567964526 57.46225662925813
0.9972739349079197 0.007394243784526188 -0.0734167822239563 -3.3899085917424583 -0.007423930737535273 0.9999724336030605 -0.00013147766696125038 -0.865254185476605 0.07341378620987325 0.0006761603564852083 0.9973013380124898 58.42473768212727
0.9972001847561714 0.009239017677568196 -0.0742053372379774 -3.458002405520485 -0.009098016034840856 0.9999561078470299 0.002237964174964849 -0.8834142286147123 0.07422275679653788 -0.0015565769406918255 0.9972404722241014 59.37646981078553
0.997092860049894 0.010052444364733222 -0.07552997285718638 -3.533768595965475 -0.010216670851696526 0.9999462094656958 -0.0017882426832766724 -0.894127757186872 0.07550793384950565 0.0025547088836501406 0.9971419284075349 60.31699745109813
0.9969094978901426 0.010956287889697205 -0.07779082704337943 -3.5956211146094508 -0.01173256980462182 0.9998857653230447 -0.009529066592734501 -0.9005063749271063 0.07767753743647145 0.010412303300769503 0.996924161668167 61.24224179182015
0.9968138623565566 0.013169658032877065 -0.0786681887492794 -3.6666975081235216 -0.01432895355516959 0.9997966385510523 -0.014190230161269258 -0.9234116784394506 0.07846531019379707 0.015272250957640182 0.9967998562634715 62.15675478935274
0.9966953167896475 0.019272461569431035 -0.07891145490123797 -3.7491152631110034 -0.020344158100017825 0.9997111012858534 -0.01279957800193194 -0.9556214281175106 0.0786419781082379 0.014362666565821698 0.9967994547993801 63.066273083610476
0.9965112360968681 0.022056307150072695 -0.08049146319694352 -3.8458700690166805 -0.022942016150149857 0.9996858233182033 -0.01009547183501986 -0.9829786525698592 0.08024350582850485 0.0119068875659095 0.9967041716581918 63.96226230628808
0.9964048542231668 0.0253451450140593 -0.08083928565194913 -3.9249770873665444 -0.026140373776549593 0.9996196018525398 -0.008793887137718236 -0.9991135013922354 0.08058565219270204 0.010875440974283604 0.9966883552265927 64.84453704044195
0.9964213887210771 0.02618370905300467 -0.0803668431592212 -4.013243243137373 -0.026957278499336164 0.9995999747527945 -0.008555443303565126 -1.0263988665273396 0.08011068115463893 0.010691298070817657 0.9967286365458249 65.71142820454207
0.9962863268835687 0.028173724890804833 -0.08136212933923961 -4.095298676940138 -0.028888670597912218 0.9995535660632339 -0.007623206763340158 -1.0490966728011912 0.08111103239339858 0.00994534041894744 0.9966554523144026 66.56527906889649
0.9962367563694905 0.029130357395218964 -0.08163178018648386 -4.181330103151217 -0.029763561417173293 0.9995355029240623 -0.006550481364528482 -1.0778862440994932 0.08140304460002383 0.008955482810429504 0.9966410304906559 67.40655675833473
0.9961261140513807 0.029442547441459195 -0.08286073439840828 -4.255190556629157 -0.030045214759840334 0.9995303187333076 -0.006035478682514357 -1.1023549812577151 0.08264411639627471 0.008501666486610496 0.9965428599373072 68.2346842025448
0.9960393219731644 0.028468688053711253 -0.08423302727392816 -4.3318009857065345 -0.02896233006049108 0.9995697156132376 -0.004644035565939858 -1.1209269464344558 0.08406457351760495 0.00706522677421911 0.9964352613441229 69.05049592227311
0.9956728716065074 0.03076069482362598 -0.08768872447931873 -4.382282962215048 -0.031023087374889548 0.9995173378650576 -0.0016307534693577267 -1.1414626902153542 0.08759623734254723 0.004344071951031456 0.9961465897358234 69.85621099394868
0.9955720777781727 0.03164992377618669 -0.0885128254740774 -4.479495006566085 -0.03155331003205356 0.9994989666427847 0.002490844440313976 -1.1579810946682774 0.08854731263264734 0.00031305744913023636 0.9960719228150988 70.6471174756546
0.9953829608769713 0.03413346468660097 -0.08970879435302456 -4.574111553337082 -0.033861528643999134 0.9994161679917307 0.004551926473008629 -1.1683520173198123 0.08981179250897993 -0.001493233140794812 0.9959576357361339 71.42069321550846
0.9948249751781089 0.03687154849751064 -0.09467712328362163 -4.555066567510394 -0.03703516798389934 0.9993139624226817 2.897383560183052e-05 -1.1720781648584317 0.09461323952952065 0.0034775592697573916 0.9955080318547175 72.17708377465394
0.9947354139138487 0.03766830066623482 -0.0953024418918737 -4.635567954234156 -0.03853770173465687 0.9992304974787742 -0.007297838949417031 -1.1865618178228787 0.09495420923079799 0.010932155928238022 0.9954216122408198 72.90650840815445
0.9945819268000273 0.038981539541777264 -0.09637027787491552 -4.715288760222095 -0.04037773337244824 0.9991052956833785 -0.012579617845266507 -1.2146910631382144 0.09579368210085056 0.01640267394001486 0.9952660562669549 73.61749736512961
0.9946271481887384 0.040180827792975694 -0.09540616942210557 -4.836196072137884 -0.04165906764250772 0.999039965832244 -0.01355244454206363 -1.228141353761243 0.09477002779932665 0.017454161331326316 0.9953461679652629 74.3051115423318
0.9944290322291455 0.042011154246619116 -0.09667451980052605 -4.91236399964202 -0.043204569606976995 0.9990133181458 -0.010283741167211268 -1.2369504403071212 0.0961471009696669 0.0144032317965473 0.9952629209856769 74.98078752194479
0.9942868537865514 0.041991166048058616 -0.09813457271093018 -4.967304947507986 -0.04291202076045526 0.9990522515291745 -0.007290897663497217 -1.275458504024466 0.0977354125252804 0.01146039652060772 0.9951464457305275 75.63720626641003
0.994338222069898 0.04012870433925072 -0.09839302423911303 -5.027012042883823 -0.04135137716270439 0.999090351239446 -0.010417949269720289 -1.306756099443588 0.09788546234050023 0.014427652209958274 0.9950931007268077 76.26753442646617
0.9947582860560852 0.032293134925365535 -0.09702116140020339 -5.084021176197618 -0.03404357439217184 0.9992851165974803 -0.016440522782493187 -1.3155156050946122 0.09642088656176596 0.019657293390721246 0.995146523609057 76.87902750684286
0.9949486698847739 0.028636175278088084 -0.09621389587764431 -5.123596340309068 -0.030786782915871447 0.999306554250686 -0.020942412213215147 -1.3420226923848209 0.09554746617363881 0.023798741501591933 0.9951403426706884 77.4738826883265
0.9953500318906485 0.0305952736958119 -0.09133588146372644 -5.23728413294725 -0.032791454341917464 0.9992057207902828 -0.022641732754133285 -1.3254184562840723 0.09057060526141783 0.025531485805682284 0.9955627095744054 78.04689240524723
0.9955859634791361 0.03543244947606201 -0.08690875012010525 -5.308800482588382 -0.03725714076970857 0.9991161469774373 -0.01946356366707483 -1.342279211626053 0.08614229382236609 0.02261562232356601 0.9960261235740436 78.61475316643813
0.9960595383728967 0.033548294616795656 -0.0820969423588315 -5.361497185063696 -0.03501254079344523 0.9992512983560947 -0.01646100607017453 -1.3552930626964717 0.08148323756179615 0.019270564650766826 0.9964883979929146 79.16912364181587
0.9967275854568461 0.02959515481335302 -0.07522132145164913 -5.403164540553778 -0.030623849249884597 0.9994520769475735 -0.01255889096608622 -1.3695050351099771 0.07480842363316581 0.014821359477154966 0.9970877729953199 79.71141928973918
0.9974006450405596 0.025316182698293048 -0.0674614272473831 -5.419889524402919 -0.025968248357034568 0.9996239790379602 -0.008806282392699158 -1.3949479723454528 0.06721311888266207 0.010535246836167233 0.9976830184102379 80.24252709926009
0.9979504200560774 0.02936564188856185 -0.05685611828433419 -5.4428919568127325 -0.02992545053080906 0.9995114375213846 -0.009019627179684922 -1.4085902873932594 0.056563473376533245 0.010702585687807237 0.9983416389889656 80.75447155373867
0.9985146007118034 0.03478928905442937 -0.04193205852835808 -5.457655374959202 -0.03516859853446408 0.9993465758808827 -0.008342119171615035 -1.44234526286663 0.04161444271476309 0.009804419525842784 0.999085637728467 81.25514130780857
0.9989112756269973 0.040089959122873525 -0.023854949229914702 -5.478463506482164 -0.0402800453723959 0.9991599667631436 -0.007541801022843087 -1.4563709451347522 0.023532559784978948 0.008494468517590283 0.9996869823272516 81.74259268703469
0.9992587263980062 0.03844309215126343 -0.002031350111276612 -5.457063357165237 -0.03845567391129291 0.9992387230522161 -0.006567761947695168 -1.4711470885093874 0.0017773186134808325 0.006641010376618037 0.9999763687806428 82.21651611166907
0.9991113162932677 0.03494040638054646 0.023574258348599664 -5.408010164090236 -0.03482856789500479 0.9993800925205243 -0.005138242116569632 -1.4862347242063845 -0.023739176757161168 0.0043126181870509995 0.9997088840313769 82.67392498076566
0.9980036267474314 0.03391326699434032 0.05327899511753571 -5.369038325021579 -0.03377546436207774 0.9994233702467995 -0.0034849693904219384 -1.496886016032408 -0.05336645956113504 0.0016784892899056193 0.9985735845032202 83.12715914190319
0.9955896215983362 0.033202638559697406 0.08774331973629561 -5.330702222326841 -0.03324252342298097 0.9994468072566647 -0.0010070257838284318 -1.522469373233672 -0.08772821668166225 -0.001914224942481854 0.9961426081343583 83.57496851139258
0.9916936314983498 0.03209230661462194 0.12455450654937479 -5.249928519223818 -0.032351617088161894 0.9994765476770813 5.9289808336157966e-05 -1.5219064717977444 -0.1244874054568833 -0.00408833702782931 0.9922127651783954 84.00517307333725
0.9853221503865538 0.03195846297548642 0.16768696014255907 -5.1760903798344575 -0.03261736516958203 0.9994672204954587 0.001175859036660021 -1.5427773542978744 -0.16756004131952867 -0.006628106767699275 0.985839591796592 84.43711746068031
0.9767575969502584 0.03196560496371217 0.2119499867875694 -5.0423656127936525 -0.03303545177110072 0.9994530436562586 0.0015074655943485065 -1.5489067751145207 -0.21178587234805446 -0.008474292037825914 0.9772793513874262 84.84772231658602
0.9650481500923904 0.03323972458022378 0.2599561284391591 -4.898187499119822 -0.03436029406390304 0.9994094834277684 -0.00023372308771111978 -1.5660732040095007 -0.25981038892832575 -0.008706614983452127 0.965620399877943 85.23451644957984
0.948603848927338 0.033352933558500344 0.3147035424383927 -4.748472760871175 -0.034237537665137485 0.9994100274350555 -0.002718101706685576 -1.573658909195764 -0.31460853264789107 -0.008196272646846773 0.949186121000426 85.62325625388726
0.9268417826603484 0.03422062315329433 0.3738893671475278 -4.604658775537555 -0.03458651492584592 0.9993852661733689 -0.005732603323681819 -1.5641881210971602 -0.373855697964151 -0.0076183138936548244 0.9274555937580792 85.99311489761517
0.9035762436731893 0.032836485314744465 0.4271671067645715 -4.34739415009674 -0.03374430426520575 0.9994156557573842 -0.005446921763034755 -1.586505716211816 -0.4270963518915806 -0.009492747716523985 0.9041562884488992 86.30279644798442
0.8733964907473778 0.0318953415773783 0.4859642549980596 -4.135882045509414 -0.03263848870044729 0.9994431470012524 -0.006937216126163222 -1.5855073689406518 -0.48591490922331926 -0.009802198625425348 0.8739511530380838 86.63859720229233
0.8391753704202162 0.029453228140474748 0.5430628002654847 -3.895967850944147 -0.030608293572640378 0.9995075653598865 -0.006910799730885324 -1.601695877563833 -0.5429989226919831 -0.0108228526948372 0.8396636444522808 86.93101604192934
0.8020055453787556 0.028986211720940062 0.5966128599953127 -3.6227728272900035 -0.03133879241738637 0.9994881229139267 -0.006432125916902572 -1.6303501152976643 -0.5964939105066669 -0.013538525919002911 0.8025034099892656 87.20402604377452
0.76187087217521 0.0272302627886219 0.6471563079499736 -3.349684575519314 -0.03040338248682413 0.9995180831509152 -0.006263847673384446 -1.6235915880696055 -0.6470149986393943 -0.014903497669266626 0.7623316058598649 87.45885197090819
0.7189560558143031 0.029697740593805932 0.6944207903076912 -3.048377320114465 -0.03599683091148157 0.9993369383131859 -0.005469176094540011 -1.658846766751258 -0.6941227686600274 -0.02106485049663554 0.7195483681458011 87.70102521838305
0.6731295968182012 0.028101563326103706 0.7389904248540645 -2.7354598019646232 -0.036737001188551645 0.9993146647893039 -0.00453800404462019 -1.670504137884584 -0.7386114937035774 -0.024093627283273876 0.6737006445694536 87.92250656650339
0.6269512671110709 0.02292618442073678 0.7787210660664863 -2.4076938971679587 -0.03335804175441367 0.9994401674059418 -0.0025676498765712296 -1.674392396494518 -0.7783439790466193 -0.02436681849326981 0.6273650519740346 88.10678409889354
0.5818837327288052 0.019529210534512856 0.8130374723968679 -2.0566927345585277 -0.031798909006542087 0.9994935055522508 -0.0012496979079997619 -1.6961474146110727 -0.8126500790448351 -0.02512652572016289 0.5822100194377009 88.25164035609556
0.5363064843419655 0.021016308125134404 0.8437616189692131 -1.7176611363887515 -0.03090304374052116 0.9995085819619459 -0.0052532344309524324 -1.690371649803966 -0.8434573828832868 -0.023257458528486354 0.5366924015508913 88.40218093875798
0.49006820631683873 0.022235332870095777 0.8714004493512438 -1.3626080587388392 -0.03135908499875485 0.999477219593862 -0.00786735666911345 -1.6975807693958183 -0.871119831564767 -0.023470779387867586 0.49050928795435506 88.53816942319703
0.44456381170789255 0.02268891544545852 0.8954597871683887 -1.0076893387727786 -0.030691153805614248 0.9994780120927639 -0.010087438781585066 -1.7085474518200565 -0.8952212410336455 -0.022998183819612043 0.44502810376780605 88.67664991612878
0.402290172652011 0.014925278360430888 0.9153905467359146 -0.6475736792183316 -0.027519731163386636 0.9996124190208334 -0.004204299704753277 -1.7121767787153324 -0.9150985091148937 -0.023499953301567664 0.4025449922810037 88.78637749663963
0.3608218073576621 -0.0005351522794932267 0.9326346213534986 -0.27545340376478783 -0.02345432880949997 0.9996783560888757 0.009647736912625923 -1.6978261476713383 -0.9323398081146362 -0.025355432938069276 0.36069319958279883 88.89677078700156
0.3265731071588124 -0.0053291810216783584 0.9451569211037253 0.10072202033282718 -0.024901487365816804 0.999588482840266 0.014240115872457349 -1.7020430541676896 -0.9448438609673028 -0.028186252016344723 0.32630601218742783 88.98140026661194
0.29220095584370337 -0.0030199393719235437 0.956352174342806 0.47132668431258357 -0.02190838330620292 0.9997114517996034 0.00985067924730776 -1.7023584357812998 -0.9561059690980522 -0.023830507902991953 0.2920504797944192 89.08822870563193
0.25770804758354654 0.008134871242510937 0.9661885872232922 0.8366386449716285 -0.020712645364247616 0.9997812842396304 -0.0028930962938438663 -1.7143022083776205 -0.966000801517619 -0.019266747364777927 0.25782017747509606 89.2201570086325
0.22839473890171977 0.012306848676425324 0.9734908241568936 1.2182454884419425 -0.018646573387705676 0.9997919792324149 -0.008264596990924045 -1.7303202970592664 -0.9733900289929536 -0.016264677623025723 0.22857670860983734 89.31548888653602
0.202230396329466 0.01125882440963807 0.9792732538333401 1.6166480116565298 -0.016278792989789848 0.999834410041764 -0.008133473749133624 -1.7394604994030705 -0.9792026693689173 -0.014296550959764497 0.20238018907845642 89.38294458248058
0.17880513497974843 0.004767382206220726 0.9838729571300203 2.0260330788897343 -0.012632001898916166 0.9999169630086358 -0.002549434369921612 -1.7453058799419976 -0.9838034134078263 -0.01197243310611907 0.1788505091203808 89.42274984910219
0.15888486902062987 -0.002559955527788737 0.9872937987367237 2.448823685707861 -0.003612555423350505 0.9999884367586952 0.0031742388392251 -1.726473256182363 -0.9872905083305528 -0.004070992089273408 0.15887378381532385 89.45107297911439
0.14014778602288194 -0.0035348676385771665 0.9901242865335944 2.877143958143753 0.0022073044991296475 0.9999922576887523 0.003257663180038647 -1.7273426070569133 -0.9901281360913462 0.0017289515100761801 0.14015450348434383 89.48393263423277
0.12313490316534878 0.0013819401307667211 0.992388979112491 3.3243824755974476 0.0020574991501142877 0.9999965256757842 -0.001647826933276709 -1.7342561950266042 -0.992387808429597 0.002244744490972679 0.12313163201412777 89.53658885867212
0.10791506185229628 0.00445010895982373 0.9941501576500695 3.7910545901596073 -0.0033171406574620155 0.9999860268203564 -0.004116156203303794 -1.758917684887669 -0.9941545835549243 -0.0028535406562865714 0.10792831557311106 89.56854992204484
0.0931210108765046 0.0040845929681594464 0.9956464198869092 4.265236482056808 -0.006571865068925242 0.9999723229380086 -0.0034876851166263678 -1.7636832548930368 -0.995633109093327 -0.006218477164172608 0.09314527695436152 89.60355322137954
0.07996360293476557 0.0011352729896805592 0.9967971375164191 4.752110889217661 -0.008529820639071057 0.9999635170781914 -0.0004546124420503146 -1.7665212022969634 -0.9967612875536184 -0.008466148347745757 0.07997036930386987 89.63427539362206
0.06819354588887597 -0.0024771210380663193 0.9976690353872175 5.249428583947573 -0.00902905612164312 0.9999544321666028 0.0030999574050065244 -1.7753177234587385 -0.9976312527405327 -0.00921940679888518 0.06816807239186466 89.66328235775097
0.058514112308005524 -0.005631397725758557 0.9982706977671223 5.764510038800994 -0.007721437463104137 0.9999516233078263 0.006093475817597568 -1.7705416304618278 -0.9982567195187318 -0.008064639092391655 0.05846779910343657 89.66612148715402
0.05084475270620873 -0.008430072129137278 0.9986709893684402 6.294883175412679 -0.007001490538593522 0.9999367920281973 0.008797219935207141 -1.7659297808494676 -0.9986820265992941 -0.007439477955335146 0.050782515842260796 89.68225797109056
0.046485550619154055 -0.009442117159333678 0.9988743364443701 6.841058310172686 -0.005823116128009763 0.9999357738080457 0.009723146479271796 -1.757424040086146 -0.9989019896377145 -0.006268547076240342 0.046427582484543053 89.68803280762113
0.04107329335745642 -0.011450700485677902 0.9990905194381324 7.404965999829665 -0.004482340446500234 0.9999221540450186 0.011644504029117247 -1.7504723229635852 -0.999146082010476 -0.00495654197497892 0.04101877002978227 89.7036635631939
0.035349926690510715 -0.01197131624423303 0.9993032924344608 7.988803696401666 -0.003568403112912769 0.9999203653009971 0.012104939303303537 -1.7447016221901839 -0.9993686252740728 -0.003993825696428401 0.03530439312758652 89.72532768593365
0.031758560238867035 -0.01308644640074114 0.9994098952742827 8.59169201593467 -0.003007915300011119 0.9999085029963617 0.013188558720182588 -1.7378827503688823 -0.9994910436302533 -0.003424989951553204 0.031716291503412875 89.74791770184228
0.02841080999090926 -0.014282498153597136 0.9994942901898693 9.210703309916855 -0.002847538750010743 0.9998927040109589 0.014369133192818946 -1.7247727828830317 -0.9995922755797578 -0.0032543374346018076 0.0283670916580116 89.77038863762652
0.026029103000815082 -0.014702523171926067 0.9995530609274075 9.85054871595851 -0.0034759879446769914 0.999884462933837 0.014797915100226744 -1.719911125339909 -0.9996551421889314 -0.0038596108461862377 0.025974989881316662 89.76999977091101
0.023568146475036165 -0.01651866070839651 0.999585752359511 10.505361988629915 -0.0039069089715783305 0.9998543247230425 0.016615215764756785 -1.7117245092580338 -0.9997145985400084 -0.004296880382609833 0.023500176275050026 89.78500384990615
0.023362425693827106 -0.022249640392823334 0.9994794397925791 11.179344503241477 -0.004608482379348939 0.9997392918017826 0.022363146420454 -1.7092388183661114 -0.9997164392745831 -0.005128540733330147 0.02325379784222039 89.79178403719435
0.022743089961866407 -0.023901813952454994 0.999455579377476 11.864551502791269 -0.003338720652410464 0.9997067722606614 0.023983795374547385 -1.67486818159011 -0.9997357674922827 -0.0038823685998612173 0.022656619577137264 89.81459525672732
0.02487887292320137 -0.02621774868917859 0.9993466222166058 12.571353751883983 -0.003131387291470804 0.9996490948918367 0.0263036403479629 -1.6577628597860816 -0.9996855686142988 -0.0037837462382143625 0.024788044874550108 89.84224397504228
0.029648278666299738 -0.02942529281783067 0.9991271849543018 13.294649434064455 -0.0033949649259731097 0.9995578713852125 0.029538719759102206 -1.6420359912082187 -0.9995546277143978 -0.00426777394436618 0.029535272476868456 89.8404613455748
0.03378285710461875 -0.029200181818764607 0.9990025365070888 14.032945135173005 -0.003639202978219024 0.99956287574713 0.02933962559071457 -1.618300416641789 -0.9994225706714472 -0.004626749384935548 0.033661824409807 89.87203319918895
0.03755333687333914 -0.031422868615406066 0.9988004556555096 14.791706032598011 -0.0057718802185084545 0.999481988821021 0.03166132374226062 -1.6174155656071345 -0.9992779554700546 -0.0069539449485807245 0.03735251479126005 89.90430199404472
0.041460524622936375 -0.0315676709195522 0.9986413305339923 15.56298983599293 -0.007486116359401774 0.9994628880942131 0.03190444144974101 -1.5944805982991301 -0.9991120972943105 -0.008798720081989791 0.04120193642384151 89.93034985530528
0.04569453163498088 -0.028787640437133787 0.9985405758088753 16.34855162801321 -0.008988731319380683 0.999532366599875 0.029227569664804217 -1.5566036592228294 -0.9989150176506102 -0.010311153054104119 0.04541439898057638 89.9820620744134
0.049486123042467356 -0.027154274557006638 0.9984056134655429 17.142760008248274 -0.010329856215366492 0.9995629687834078 0.027697752751068318 -1.550047807963197 -0.9987213914284537 -0.01168404083234951 0.049183996310102666 90.02789848438039
0.05554615652678874 -0.024968057596993692 0.998143887721071 17.94613325564436 -0.010164334347873179 0.9996213422651886 0.025570654962196317 -1.5453715693801844 -0.9984043824034213 -0.011565819805102106 0.055271339859547526 90.04331804199356
0.05862496782768237 -0.024087313000952137 0.9979894360661321 18.749345073709954 -0.006043774364545247 0.9996819724386705 0.024483193675410343 -1.5220073094213618 -0.998261782268872 -0.007466949411319795 0.058460745187304736 90.09993916400059
0.060532278571525835 -0.018898053245475447 0.9979873279929304 19.559045090394022 -0.0012828555723858126 0.9998184603725888 0.01901053864978712 -1.5214899104988904 -0.9981654159168762 -0.002431024826226287 0.06049704609131399 90.1398967223491
0.061674713539306994 -0.0160426305317167 0.9979673660573604 20.37398465957808 0.0016728770683475459 0.9998710743938001 0.015969848868744738 -1.5098229286676814 -0.9980949008947746 0.0006845408673942478 0.06169359943820883 90.17592616589252
0.06186205129172102 -0.013008343831119868 0.997999934669712 21.192997405706468 0.0007585966125875071 0.9999153868448116 0.012986288236419811 -1.515101780814879 -0.9980844208488335 -4.627905916394238e-05 0.06186668503394009 90.21503665579291
0.063097339492522 -0.008985280163528939 0.9979669285549227 22.01166077923583 -0.002418127592996795 0.9999551585187207 0.009156069611606804 -1.5430405511406593 -0.9980044480902381 -0.002990934999534116 0.06307278256045978 90.26175747808024
0.061938527175698206 -0.008858414385286093 0.9980406541548704 22.82630255413067 -0.004086577345029813 0.9999499796023815 0.009128974684437527 -1.561003152349157 -0.99807160000518 -0.004644005573262807 0.06189922839040079 90.34562399143931
0.0596792682090637 -0.005975868551498509 0.9981997164601295 23.636406792222164 -0.002856679753731066 0.9999769632513608 0.006157300330564073 -1.5371455955547677 -0.9982135164015796 -0.003219000098059694 0.059660822250060405 90.46656519448442
0.05964549190243864 -0.0046225549686004464 0.9982089196562389 24.452510802654263 -0.003974495098939116 0.999980251600445 0.004868243811579194 -1.559532133311142 -0.9982117103522761 -0.004257745255730129 0.059625941677365055 90.50726931974124
0.0588913952688068 -0.0011784672852525205 0.9982637000202643 25.263290383121785 -0.002985386875877943 0.9999946234955763 0.0013566300645107283 -1.5635633620728604 -0.9982599315952165 -0.0030600971860649537 0.05888756045819201 90.58100999112133
0.05923928298804719 0.0011384508302730884 0.998243162401209 26.074650376511567 -0.002382930411588287 0.9999966617761978 -0.000999039090311311 -1.5801112756567248 -0.9982409673990078 -0.002319561630455273 0.05924179808316768 90.62475427773737
0.056074783742724704 0.005064024043882581 0.9984137290165274 26.88678795078717 -0.002841948867438817 0.9999838958285162 -0.0049123731788532875 -1.591584084023147 -0.9984225267665152 -0.002561980502742561 0.05608827240218696 90.67149829063665
0.05170874575691685 0.007267461344627887 0.9986357642393191 27.698042891516607 -0.003521804011794144 0.9999686298323127 -0.007094804280608237 -1.5966405298925113 -0.998655998083795 -0.003150136010074529 0.051732718219409966 90.70180302560071
0.04699891454203754 0.009700968972488153 0.9988478328718858 28.510114661049403 -0.006365650244013776 0.9999354442148854 -0.00941200827353761 -1.619135261064915 -0.9988746570660569 -0.005915961778533173 0.04705763346571561 90.7491839570643
0.04224699342228868 0.012732986978218133 0.9990260570122222 29.32174877621713 -0.00931621635716861 0.9998803367670793 -0.012349909284214937 -1.6616929647340861 -0.9990637615585681 -0.008785396357275446 0.04236056127203561 90.72453091152627
0.03494048537566402 0.011919551197145445 0.9993183110405661 30.12887416539626 -0.008836202775316777 0.9998934724010591 -0.011617459716151989 -1.677053892260493 -0.9993503309661824 -0.00842425955212357 0.035042086821018725 90.75845754725636
0.026673334635849956 0.012114614219043897 0.9995707925613507 30.930994986218607 -0.008081008618321757 0.9998965035207027 -0.011902921774618602 -1.7016188909237075 -0.9996115398088932 -0.007760049573668903 0.026768472341534538 90.77005404349288
